# id,alpha
1,2.68459
2,3.55035
3,4.30060
4,2.86965
5,2.45635
6,4.78176
7,3.25940
8,3.11848
9,1.59386
10,2.93288
11,2.27766
12,3.36412
13,3.27756
14,3.51943
15,3.53716
16,6.11450
17,3.40260
18,2.70792
19,3.06128
20,6.57523
21,2.59790
22,2.48455
23,2.68167
24,2.83022
25,3.37362
26,3.40370
27,4.24830
28,3.46213
29,2.89248
30,4.96684
31,3.26760
32,3.47736
33,8.89709
34,4.10246
35,3.11392
36,2.89503
37,3.54271
38,3.72109
39,2.89074
40,4.35743
41,3.01458
42,1.57362
43,2.66786
44,2.70157
45,6.39744
46,2.20994
47,3.30313
48,3.43038
49,2.71096
50,3.87888
51,3.16986
52,3.36257
53,2.79339
54,6.14245
55,4.00439
56,1.17472
57,3.00414
58,7.09504
59,3.19667
60,2.55052
61,3.69989
62,3.84400
63,2.81771
64,2.48270
65,3.23642
66,3.35971
67,2.27730
68,3.86584
69,1.92738
70,4.20984
71,3.71596
72,3.27160
73,4.39252
74,3.28947
75,1.47918
76,2.83524
77,3.24701
78,2.54416
79,2.50346
80,0.74748
81,3.98314
82,2.19480
83,1.97300
84,2.41358
85,2.49718
86,4.16418
87,1.83778
88,3.98998
89,3.45375
90,4.02346
91,3.44147
92,2.05502
93,3.38399
94,3.33109
95,3.20314
96,2.99121
97,3.37136
98,2.74666
99,3.28855
100,6.11565
101,3.72775
102,2.12141
103,4.17153
104,4.82285
105,2.41115
106,2.45108
107,2.56682
108,2.82516
109,2.53178
110,3.58273
111,2.64294
112,3.79612
113,3.35401
114,3.10409
115,2.11254
116,2.00237
117,7.70461
118,3.90421
119,3.76424
120,2.50634
121,1.98643
122,3.65227
123,4.67232
124,2.92728
125,3.85679
126,3.30761
127,3.30639
128,2.48651
129,2.72952
130,5.37117
131,2.40140
132,2.76233
133,2.02813
134,3.53498
135,3.27589
136,2.63595
137,4.01340
138,2.16982
139,3.38180
140,2.41089
141,3.50238
142,2.84899
143,3.03463
144,2.69936
145,4.37741
146,3.26417
147,2.56370
148,2.68135
149,3.25567
150,3.27229
151,2.15009
152,2.68903
153,2.13895
154,3.99543
155,2.70014
156,3.46431
157,1.64054
158,2.40703
159,3.58885
160,3.95601
161,3.28772
162,2.32574
163,1.88001
164,5.73078
165,2.65365
166,3.62267
167,4.85158
168,2.10619
169,2.20517
170,2.50071
171,2.44183
172,2.67058
173,2.63823
174,2.09495
175,3.70779
176,2.85686
177,3.07792
178,2.49661
179,2.39735
180,3.26684
181,2.54734
182,2.32819
183,2.12148
184,3.46934
185,2.21902
186,2.55142
187,1.69145
188,3.56807
189,2.13138
190,3.46814
191,3.68771
192,3.54327
193,3.61996
194,7.22544
195,2.51822
196,3.91281
197,1.64934
198,3.17288
199,2.33279
200,3.70115
201,3.42682
202,2.50299
203,7.65095
204,3.05440
205,2.90839
206,1.96303
207,3.13886
208,2.74607
209,6.74146
210,3.38150
211,6.45214
212,3.45723
213,1.96786
214,6.04551
215,2.82933
216,8.19534
217,3.14031
218,3.52905
219,2.67601
220,3.03513
221,2.34767
222,2.91934
223,2.41144
224,2.93139
225,2.14645
226,3.85939
227,2.85302
228,2.85947
229,3.37467
230,3.53754
231,2.83163
232,3.14487
233,4.41922
234,5.43878
235,3.39084
236,1.51252
237,2.88735
238,2.16729
239,2.51789
240,2.50014
241,5.64001
242,3.36792
243,4.84424
244,3.19550
245,4.20921
246,3.31898
247,2.28304
248,2.96975
249,2.47824
250,2.74029
251,4.24693
252,3.96429
253,3.20457
254,2.79949
255,2.63658
256,2.33437
257,2.03597
258,2.77357
259,3.05763
260,3.58919
261,2.83722
262,2.91145
263,2.55448
264,1.90529
265,4.26450
266,2.38329
267,3.68347
268,3.54828
269,2.89547
270,2.52757
271,3.58172
272,2.97061
273,3.16064
274,3.18122
275,2.10447
276,3.69095
277,2.99717
278,2.65988
279,7.29583
280,1.70935
281,2.92986
282,2.69939
283,3.11487
284,3.67299
285,3.30653
286,3.91339
287,3.35943
288,2.81025
289,3.15224
290,2.89608
291,1.62318
292,3.03182
293,7.74115
294,2.48642
295,3.32577
296,3.45853
297,2.61502
298,2.20044
299,8.16170
300,1.44551
301,3.42022
302,3.46822
303,2.10381
304,2.86653
305,3.09160
306,2.64964
307,2.58559
308,4.37061
309,3.58668
310,2.44427
311,2.86977
312,4.45250
313,2.43543
314,2.92041
315,3.01014
316,2.44469
317,3.69184
318,2.90611
319,3.04350
320,2.60687
321,2.89193
322,3.15069
323,2.02143
324,2.27458
325,2.47965
326,2.47558
327,3.51719
328,2.44957
329,8.80046
330,2.41523
331,5.66606
332,3.40469
333,3.57939
334,2.66680
335,3.40498
336,2.55852
337,3.25064
338,2.65637
339,1.74239
340,2.37749
341,4.06951
342,1.45667
343,2.82348
344,4.19362
345,3.09382
346,2.29200
347,3.31315
348,2.54939
349,2.81996
350,3.89099
351,2.84904
352,3.28173
353,2.80978
354,3.70503
355,2.03704
356,3.16514
357,3.65964
358,2.71183
359,2.96609
360,4.08883
361,4.48021
362,2.19638
363,2.92569
364,3.24340
365,2.10451
366,2.10438
367,4.06288
368,2.51159
369,2.73509
370,3.75179
371,2.33812
372,8.19234
373,3.67889
374,2.69339
375,2.96588
376,2.83980
377,3.39530
378,3.65933
379,3.07040
380,4.42363
381,2.71602
382,3.69032
383,3.81739
384,3.64812
385,7.45955
386,2.37404
387,3.16872
388,3.37667
389,2.68560
390,2.45372
391,1.02442
392,3.25672
393,2.12857
394,2.55305
395,6.68348
396,5.96455
397,2.40941
398,3.33744
399,3.33045
400,2.42914
401,4.20210
402,1.76457
403,3.33832
404,3.55401
405,4.11844
406,2.38178
407,3.25313
408,6.23813
409,4.00657
410,3.40883
411,3.51604
412,2.07803
413,3.95514
414,3.86705
415,4.20135
416,2.34911
417,2.28579
418,2.91448
419,4.45293
420,3.62271
421,3.26473
422,4.80769
423,3.69633
424,2.90376
425,1.80911
426,2.31323
427,2.63693
428,3.49782
429,2.57746
430,2.47920
431,2.97372
432,7.72573
433,2.16613
434,3.19258
435,3.47634
436,2.93649
437,2.63781
438,2.79326
439,4.33657
440,2.86768
441,1.85414
442,2.66112
443,3.58278
444,2.42307
445,3.25247
446,2.41321
447,1.97138
448,3.04711
449,3.05337
450,2.81586
451,5.69794
452,2.73531
453,2.33213
454,5.19664
455,3.27159
456,3.29834
457,3.36981
458,2.35835
459,7.51419
460,3.09014
461,3.04829
462,2.25087
463,3.94756
464,4.05889
465,3.07385
466,3.95724
467,4.25851
468,2.78074
469,2.77053
470,2.64457
471,2.58325
472,3.03722
473,2.35717
474,3.29209
475,3.07458
476,2.69141
477,3.04459
478,3.05727
479,7.21127
480,4.40209
481,1.83014
482,3.26096
483,1.70105
484,4.26427
485,2.08008
486,3.06717
487,4.38545
488,7.53096
489,2.87763
490,4.03445
491,3.36675
492,3.09455
493,2.84763
494,3.23618
495,2.16643
496,2.96453
497,3.04865
498,3.17342
499,3.18310
500,2.63251
501,5.00345
502,5.93916
503,2.95263
504,3.86745
505,3.81372
506,3.57237
507,4.14402
508,3.89436
509,6.88822
510,3.20933
511,2.58230
512,4.03161
513,2.71992
514,3.59799
515,1.70393
516,9.77266
517,2.87822
518,2.61302
519,4.11451
520,2.85755
521,2.62604
522,4.87180
523,2.30639
524,2.63943
525,3.89183
526,2.47784
527,2.18818
528,2.10245
529,3.26019
530,2.64770
531,2.85872
532,3.63535
533,1.36025
534,3.43251
535,6.32598
536,2.12437
537,2.61126
538,3.35316
539,2.75593
540,1.65903
541,2.92790
542,2.71194
543,3.32925
544,3.22628
545,2.80549
546,2.78916
547,4.20916
548,3.06443
549,3.45503
550,2.11617
551,1.85363
552,2.95147
553,2.07058
554,3.68474
555,3.59058
556,2.48622
557,2.08992
558,3.56394
559,2.90208
560,3.51295
561,4.80252
562,2.59994
563,3.32429
564,2.76035
565,2.72393
566,3.76571
567,3.86164
568,2.39384
569,4.12710
570,2.69831
571,6.68758
572,4.12783
573,1.48121
574,3.42186
575,2.81155
576,3.35900
577,2.46468
578,5.87394
579,2.24171
580,2.69769
581,3.50220
582,3.75813
583,2.62479
584,2.20305
585,2.57277
586,2.51573
587,2.77641
588,3.54961
589,3.12937
590,2.37922
591,3.44503
592,3.52265
593,3.17783
594,4.50562
595,2.69635
596,2.29476
597,6.93288
598,3.56098
599,2.37323
600,2.92142
601,2.47388
602,4.36525
603,2.33914
604,2.86742
605,1.57760
606,2.20471
607,3.18779
608,1.83194
609,7.51056
610,3.16741
611,3.71628
612,3.17025
613,3.03532
614,2.77877
615,3.58482
616,3.54611
617,4.48297
618,2.33510
619,2.20019
620,2.43592
621,2.69794
622,3.04251
623,4.25318
624,2.50758
625,3.01435
626,3.38347
627,3.43953
628,2.55593
629,5.36340
630,2.51756
631,3.25268
632,3.71356
633,1.99824
634,3.86319
635,4.21008
636,2.94574
637,1.85834
638,2.82350
639,2.96980
640,2.83314
641,3.69605
642,7.67639
643,3.21489
644,3.37907
645,4.40622
646,3.54192
647,2.39322
648,2.24213
649,3.07098
650,3.25221
651,3.78057
652,2.37466
653,3.07811
654,7.07340
655,1.53427
656,6.85318
657,2.98650
658,4.41594
659,3.17390
660,2.88757
661,3.27756
662,2.90519
663,2.25778
664,3.84388
665,1.56881
666,3.74908
667,3.39607
668,2.93214
669,3.53204
670,3.98261
671,2.70262
672,6.77661
673,2.69865
674,3.16345
675,3.74514
676,3.30076
677,2.47260
678,3.69170
679,2.97394
680,3.28052
681,3.94191
682,2.37181
683,2.84969
684,3.43236
685,2.83447
686,3.34733
687,2.81238
688,3.69917
689,2.29193
690,2.43879
691,3.65366
692,2.51336
693,2.83416
694,2.62818
695,3.41634
696,4.01191
697,3.56095
698,2.19500
699,2.27677
700,2.72081
701,2.80360
702,3.31121
703,2.20612
704,2.57672
705,3.07365
706,3.16466
707,2.75171
708,2.36205
709,5.66951
710,5.98759
711,2.46232
712,2.23072
713,2.39685
714,2.27852
715,3.12860
716,2.61061
717,2.33104
718,2.66131
719,3.43817
720,1.75584
721,2.98271
722,3.19297
723,2.02435
724,3.35755
725,3.24707
726,2.49841
727,4.17629
728,2.47642
729,4.15800
730,2.56596
731,1.99901
732,2.66775
733,3.25085
734,2.98657
735,3.66617
736,3.47487
737,3.20751
738,2.29885
739,2.97832
740,6.32296
741,5.41313
742,2.44900
743,2.58240
744,5.39150
745,2.22368
746,3.33227
747,2.44949
748,2.90982
749,3.10004
750,4.37439
751,2.74916
752,2.37545
753,2.97753
754,3.77320
755,3.19236
756,3.30706
757,3.02086
758,3.81735
759,3.75812
760,3.64531
761,3.34269
762,3.20394
763,2.16298
764,3.40127
765,3.54158
766,2.86759
767,1.48205
768,3.67317
769,6.09833
770,3.70888
771,4.44983
772,2.19603
773,6.72174
774,2.12612
775,6.52909
776,1.99485
777,1.71031
778,1.49632
779,3.21517
780,3.93258
781,3.36810
782,3.33252
783,2.50121
784,2.53950
785,3.06741
786,2.14134
787,4.09071
788,3.63723
789,2.81356
790,1.73497
791,2.03883
792,1.79079
793,1.94583
794,2.14428
795,2.61505
796,4.30316
797,2.57760
798,3.33571
799,3.09133
800,3.54045
801,6.25566
802,2.03337
803,2.22547
804,2.30208
805,2.92608
806,3.51260
807,3.62218
808,2.34541
809,3.40869
810,4.31800
811,3.36165
812,4.45280
813,2.03352
814,1.91119
815,3.03004
816,2.98272
817,2.79753
818,2.95111
819,2.78481
820,2.47548
821,4.51764
822,3.35151
823,4.16190
824,2.89860
825,3.30732
826,2.59347
827,3.21081
828,2.75109
829,4.80951
830,3.31276
831,1.48882
832,2.21325
833,4.02597
834,3.96336
835,3.14904
836,3.25874
837,2.75786
838,2.31659
839,3.02942
840,2.26198
841,3.68906
842,3.19233
843,1.84789
844,3.51862
845,3.28802
846,2.74615
847,3.93484
848,2.95190
849,3.48648
850,2.79160
851,5.58248
852,3.36572
853,2.14051
854,1.50699
855,1.55186
856,2.06150
857,2.28018
858,4.16314
859,3.28277
860,3.40919
861,4.23083
862,2.76865
863,8.25411
864,3.52281
865,3.77940
866,2.92860
867,2.86191
868,2.80131
869,1.93768
870,3.24319
871,2.54285
872,3.06034
873,3.72103
874,2.93924
875,3.43816
876,3.52849
877,1.88974
878,4.14841
879,3.00109
880,2.64559
881,3.82709
882,2.23790
883,2.12134
884,2.79558
885,2.17488
886,8.31272
887,1.65671
888,4.64887
889,3.06834
890,6.58701
891,2.83712
892,5.12841
893,2.63782
894,3.00963
895,2.86001
896,5.70720
897,3.27934
898,3.50841
899,3.74309
900,3.67137
901,3.55311
902,2.01463
903,1.91021
904,1.63711
905,6.00193
906,6.91015
907,3.16202
908,4.58597
909,2.74597
910,2.48713
911,2.04157
912,2.52151
913,3.52532
914,4.29944
915,2.57198
916,3.07274
917,3.78329
918,2.70624
919,3.14804
920,2.49349
921,7.32156
922,2.36638
923,5.46066
924,3.43507
925,3.93128
926,1.88116
927,3.43540
928,2.82388
929,6.52324
930,2.95888
931,2.50204
932,2.86154
933,3.82273
934,2.85904
935,2.33331
936,2.50887
937,2.48541
938,2.37336
939,3.48210
940,4.44815
941,1.68271
942,4.25592
943,3.31826
944,3.58629
945,3.40039
946,2.39803
947,2.77914
948,6.62237
949,3.20124
950,3.58242
951,2.71277
952,3.44060
953,3.05886
954,2.69605
955,2.83030
956,2.58691
957,4.49322
958,2.42121
959,2.53899
960,8.61768
961,2.61846
962,3.37057
963,2.59159
964,2.87543
965,2.51970
966,2.99073
967,2.91891
968,2.61568
969,3.49273
970,2.67065
971,2.43240
972,6.63925
973,4.00427
974,4.93099
975,2.11728
976,3.81167
977,4.34168
978,2.43592
979,2.71753
980,3.34890
981,2.17152
982,3.86480
983,2.24179
984,5.18963
985,2.41328
986,4.51662
987,3.18808
988,1.98801
989,2.71593
990,2.52336
991,1.59533
992,3.69119
993,2.39952
994,4.16079
995,2.94217
996,3.41721
997,4.02139
998,1.74273
999,2.90179
1000,3.18769
1001,4.62850
1002,3.40708
1003,1.69475
1004,1.34590
1005,2.98442
1006,3.13890
1007,3.77089
1008,2.58368
1009,2.68720
1010,3.26154
1011,2.97473
1012,3.01839
1013,3.56558
1014,3.06353
1015,1.45587
1016,4.03191
1017,3.98445
1018,4.08135
1019,4.59578
1020,3.74040
1021,2.39527
1022,4.16695
1023,2.16722
1024,2.55211
1025,2.82627
1026,2.32872
1027,2.17644
1028,2.26508
1029,3.28261
1030,4.10730
1031,3.20414
1032,3.30757
1033,3.11685
1034,2.72058
1035,2.78308
1036,1.52165
1037,5.65404
1038,3.19555
1039,3.07655
1040,4.46422
1041,3.16721
1042,3.90449
1043,3.82889
1044,6.22757
1045,8.16803
1046,3.36610
1047,2.69519
1048,1.75713
1049,4.48995
1050,2.78900
1051,3.38637
1052,4.90735
1053,2.89499
1054,8.29030
1055,4.27281
1056,1.82132
1057,2.53307
1058,2.50264
1059,4.02739
1060,6.20908
1061,3.49748
1062,4.00717
1063,2.91195
1064,2.93732
1065,4.13248
1066,2.36353
1067,3.30166
1068,2.53443
1069,2.97548
1070,4.96819
1071,5.19437
1072,4.39147
1073,3.15882
1074,2.97497
1075,2.97475
1076,2.41330
1077,5.25832
1078,2.36309
1079,2.61390
1080,3.03290
1081,2.79714
1082,2.95410
1083,2.49208
1084,2.36433
1085,3.23496
1086,1.88342
1087,3.15665
1088,2.88085
1089,2.69764
1090,2.11899
1091,3.25959
1092,2.77018
1093,4.38864
1094,2.56685
1095,3.46565
1096,2.31789
1097,2.83457
1098,3.26339
1099,4.46230
1100,3.07683
1101,3.01307
1102,2.28747
1103,3.50181
1104,3.86077
1105,1.59050
1106,3.97076
1107,2.87459
1108,3.14358
1109,3.35758
1110,3.32276
1111,1.76634
1112,2.68593
1113,3.18982
1114,2.15590
1115,2.74858
1116,2.28632
1117,2.39349
1118,2.94783
1119,8.72075
1120,3.45542
1121,4.04413
1122,2.03669
1123,4.18431
1124,2.75495
1125,6.98573
1126,3.66591
1127,3.27180
1128,8.43255
1129,2.70109
1130,3.10179
1131,3.62663
1132,2.08421
1133,3.50140
1134,2.90524
1135,3.36204
1136,3.46840
1137,3.87794
1138,2.18159
1139,3.32262
1140,2.99659
1141,2.65763
1142,1.67934
1143,2.05974
1144,3.64155
1145,3.95731
1146,7.21544
1147,3.22854
1148,3.24079
1149,2.98666
1150,2.24934
1151,2.15931
1152,4.04091
1153,1.48094
1154,2.83339
1155,2.26114
1156,1.68152
1157,1.64164
1158,1.93650
1159,3.41694
1160,2.68726
1161,2.68631
1162,2.13203
1163,9.64135
1164,3.77521
1165,2.57154
1166,2.38517
1167,2.85579
1168,3.93265
1169,2.32537
1170,2.48231
1171,3.46249
1172,2.44643
1173,4.21524
1174,4.05900
1175,3.18736
1176,5.31405
1177,3.40776
1178,2.93089
1179,3.19423
1180,2.04884
1181,2.66490
1182,2.32480
1183,2.49101
1184,3.39517
1185,3.02350
1186,3.22695
1187,3.91548
1188,2.72270
1189,3.45967
1190,2.46087
1191,3.74318
1192,2.27081
1193,2.75668
1194,2.79180
1195,4.16869
1196,3.03863
1197,3.21472
1198,4.57589
1199,1.82276
1200,2.31920
1201,2.97210
1202,3.19613
1203,2.50810
1204,3.13356
1205,5.81152
1206,2.38946
1207,3.63999
1208,2.78346
1209,1.97731
1210,2.86408
1211,3.75709
1212,2.43050
1213,2.90078
1214,3.65006
1215,2.76285
1216,4.90822
1217,2.93408
1218,3.01318
1219,2.92419
1220,2.56766
1221,5.81365
1222,4.01064
1223,2.30491
1224,2.78390
1225,3.10867
1226,2.60376
1227,3.16406
1228,3.83496
1229,3.57641
1230,2.50576
1231,3.19746
1232,3.46481
1233,2.63960
1234,3.62161
1235,2.22933
1236,2.83813
1237,4.09694
1238,2.68875
1239,4.37031
1240,4.28087
1241,4.16813
1242,2.43552
1243,3.42363
1244,8.29815
1245,3.02294
1246,2.80035
1247,3.22756
1248,2.94061
1249,4.72128
1250,2.01464
1251,3.37294
1252,1.77690
1253,2.72651
1254,3.23698
1255,2.52293
1256,3.08766
1257,2.83356
1258,2.78716
1259,2.75447
1260,3.11352
1261,1.86976
1262,4.08779
1263,2.66686
1264,1.87969
1265,2.12090
1266,2.59629
1267,2.84586
1268,2.50347
1269,3.03050
1270,2.24460
1271,3.37868
1272,4.91944
1273,6.91036
1274,3.42685
1275,2.93692
1276,4.27736
1277,2.35948
1278,3.24437
1279,2.92271
1280,3.59378
1281,2.52709
1282,2.44076
1283,2.31330
1284,2.97164
1285,2.45823
1286,2.08645
1287,2.57259
1288,3.45869
1289,2.55803
1290,2.59327
1291,3.14568
1292,3.52457
1293,3.86122
1294,3.58307
1295,2.86881
1296,4.97641
1297,4.20039
1298,3.14935
1299,2.17448
1300,2.63540
1301,2.94050
1302,4.58548
1303,3.33107
1304,3.78866
1305,2.56168
1306,2.22104
1307,4.00669
1308,2.45261
1309,5.15036
1310,3.70808
