# id,beta
1,2.03415
2,3.22081
3,2.23826
4,1.17343
5,1.41573
6,2.51477
7,1.58572
8,1.25905
9,3.91155
10,2.12703
11,3.18295
12,1.45943
13,1.26822
14,2.15556
15,1.05667
16,1.12299
17,100.09581
18,276.96231
19,5.58783
20,61.08126
21,1.28927
22,1.76205
23,1.02616
24,1.15784
25,1.01705
26,1.02059
27,3.96593
28,1.03030
29,1.00591
30,1.00204
31,19.48963
32,1.00117
33,17.64604
34,18.84308
35,8.98231
36,1.01034
37,1.89393
38,2.08745
39,1.23348
40,1.22017
41,3.38126
42,2.55046
43,1.41499
44,1.28518
45,1.27350
46,1.78198
47,1.07296
48,1.13246
49,12.64428
50,2.94659
51,4.85455
52,10.13860
53,2.32663
54,1.38630
55,1.55095
56,1.17244
57,1.36363
58,3.43021
59,1.09457
60,1.47402
61,3.79836
62,4.50039
63,2.15729
64,2.23535
65,89.05402
66,12.88032
67,2.48026
68,7.51208
69,2.14937
70,2.90281
71,1.53788
72,1.25969
73,2.15171
74,2.77375
75,6.23633
76,1.60291
77,1.00893
78,1.58770
79,1.17142
80,1.13391
81,1.18019
82,1.50347
83,1.19381
84,1.11325
85,1.99240
86,2.23388
87,1.11286
88,2.65273
89,1.21842
90,1.21672
91,1.18625
92,1.02281
93,4.22932
94,5.75717
95,1.51280
96,1.38464
97,1.91040
98,2.89479
99,1.21040
100,1.27011
101,2.29215
102,3.27810
103,4.44593
104,1.69547
105,1.33535
106,2.55113
107,1.48986
108,1.13066
109,7.50336
110,15.65410
111,1.56876
112,1.66906
113,2.59582
114,1.86652
115,1.55950
116,1.58416
117,1.77814
118,2.67445
119,1.11996
120,1.26422
121,1.77288
122,3.49098
123,1.15250
124,1.70746
125,6.71897
126,6.39470
127,2.36983
128,2.86161
129,2.48476
130,6.43231
131,1.29536
132,1.37725
133,1.43821
134,7.47428
135,4.58925
136,1.24030
137,4.17414
138,1.76598
139,1.30786
140,1.87402
141,3.51585
142,5.72673
143,1.36493
144,1.73380
145,11.88654
146,3.55686
147,9.85540
148,2.98126
149,1.61645
150,3.21483
151,1.29834
152,1.04985
153,2.00715
154,5.02955
155,1.15578
156,1.42431
157,2.24897
158,3.11450
159,1.04242
160,1.44083
161,1.03891
162,1.00939
163,20.10682
164,1.00167
165,3.41483
166,2.90330
167,1.94982
168,1.95100
169,1.00269
170,1.01367
171,2.60640
172,1.10840
173,1.88909
174,2.29037
175,1.04874
176,1.56760
177,3.79316
178,3.42395
179,2.00991
180,1.58162
181,2.61568
182,12.31185
183,1.79658
184,1.39214
185,1.54142
186,3.13826
187,2.15406
188,1.54509
189,1.43712
190,2.94143
191,1.36287
192,1.58761
193,2.77032
194,4.38681
195,2.58523
196,1.82000
197,8.77482
198,10.96924
199,7.16515
200,1.71098
201,3.95876
202,4.42150
203,1.65354
204,1.42931
205,5.01977
206,1.03485
207,2.58573
208,1.52328
209,1.89188
210,1.45773
211,1.24786
212,1.48238
213,3.56526
214,3.44849
215,1.77749
216,1.25601
217,19.09089
218,23.47671
219,21.70774
220,2.11522
221,1.87607
222,1.98655
223,2.64472
224,1.28970
225,3.61697
226,4.47216
227,2.57840
228,2.02185
229,4.64669
230,8.61251
231,2.13106
232,1.69790
233,1.65184
234,2.36150
235,1.57182
236,1.28766
237,4.58702
238,3.71251
239,5.91344
240,1.08171
241,3.49226
242,1.06819
243,1.76981
244,1.52667
245,3.48403
246,5.85483
247,5.75601
248,1.82005
249,2.05384
250,3.53093
251,2.02324
252,2.12918
253,1.85390
254,46.84366
255,1.71862
256,2.44671
257,1.00375
258,1.01701
259,12.62787
260,1.01899
261,1.73873
262,3.17703
263,1.73503
264,1.15056
265,2.02188
266,10.93249
267,5.28804
268,1.82805
269,1.03132
270,1.00578
271,6.35885
272,1.00158
273,3.09650
274,4.79098
275,2.49691
276,1.85909
277,4.62956
278,15.38894
279,1.42060
280,1.91160
281,2.42948
282,3.93831
283,1.60940
284,1.48213
285,2.74351
286,7.48770
287,1.49553
288,1.60543
289,4.33263
290,1.04082
291,2.20577
292,1.53228
293,1.62086
294,2.54476
295,1.73017
296,1.26071
297,1.00114
298,1.00102
299,2.15292
300,1.00158
301,2.36962
302,3.09127
303,1.53394
304,1.36430
305,4.75600
306,8.88590
307,9.00842
308,1.69082
309,1.72676
310,1.95247
311,1.31883
312,1.22074
313,2.29364
314,4.96557
315,1.65769
316,1.00866
317,3.40003
318,1.50378
319,1.01752
320,2.06030
321,3.78536
322,2.13672
323,1.46050
324,1.48609
325,2.43553
326,1.80201
327,2.67003
328,1.14765
329,1.38687
330,1.48712
331,2.70727
332,1.62199
333,1.43206
334,1.67042
335,1.58016
336,1.15738
337,1.01106
338,1.01270
339,4.27010
340,1.00800
341,3.13813
342,2.73139
343,1.29831
344,2.02924
345,1.47721
346,1.64366
347,1.01016
348,1.15033
349,2.73989
350,2.55033
351,1.13598
352,1.57466
353,147.11089
354,4.47862
355,1.95538
356,1.78821
357,1.05401
358,11.49703
359,5.58161
360,1.34429
361,2.98691
362,4.94129
363,3.44450
364,1.73811
365,4.78899
366,3.69396
367,10.41483
368,1.22819
369,2.51526
370,3.22369
371,1.32921
372,2.35243
373,1.27952
374,2.46908
375,1.19542
376,1.23313
377,2.20419
378,3.57542
379,1.06970
380,1.37802
381,1.04747
382,1.00447
383,3.06188
384,1.20215
385,1.40784
386,6.43333
387,1.54236
388,1.30445
389,1.76571
390,2.32356
391,1.21392
392,1.38891
393,1.82430
394,4.67613
395,1.01191
396,2.62359
397,1.44717
398,1.89175
399,1.05408
400,1.15018
401,2.83455
402,2.50423
403,3.33014
404,1.52747
405,1.00101
406,1.00104
407,19.42561
408,1.00101
409,2.80293
410,3.08447
411,1.68073
412,1.28403
413,1.98919
414,11.34827
415,1.69263
416,1.57241
417,3.35650
418,6.17442
419,5.37678
420,1.51137
421,1.54467
422,4.30324
423,1.21017
424,1.04827
425,1.96830
426,2.21804
427,1.53011
428,2.03316
429,1.62560
430,1.01862
431,6.19334
432,1.02656
433,1.00837
434,2.94266
435,3.17067
436,1.00126
437,1.79090
438,1.96063
439,3.43319
440,1.46701
441,5.07137
442,5.11785
443,1.28116
444,1.38021
445,1.94355
446,1.21221
447,2.52901
448,1.55532
449,2.09592
450,4.50759
451,1.21306
452,1.54052
453,4.23344
454,4.70254
455,1.13769
456,1.84068
457,1.00360
458,1.00128
459,10.02816
460,1.14271
461,3.12890
462,13.96981
463,4.27462
464,2.68789
465,1.67954
466,2.48020
467,1.11119
468,1.19242
469,1.85908
470,27.06073
471,6.12942
472,2.03734
473,2.03563
474,2.51390
475,1.37531
476,1.08122
477,4.70605
478,1.02853
479,6.33137
480,1.20265
481,4.86831
482,5.35814
483,2.55746
484,1.52953
485,2.36182
486,4.76845
487,1.08358
488,2.29567
489,2.26204
490,4.17366
491,1.11920
492,2.05882
493,2.12242
494,2.56829
495,1.68259
496,1.50186
497,1.38525
498,1.97102
499,2.58770
500,2.26021
501,2.20650
502,4.13022
503,1.29644
504,1.37601
505,3.37172
506,2.24041
507,1.38501
508,1.18686
509,1.86300
510,2.62261
511,1.30032
512,1.23408
513,2.76786
514,1.00848
515,16.27036
516,1.00916
517,1.00684
518,1.00140
519,10.91717
520,1.17268
521,1.01602
522,3.26938
523,3.86986
524,1.64513
525,2.37369
526,13.53062
527,1.39328
528,1.46149
529,19.92320
530,1.52708
531,9.36497
532,1.19780
533,7.47030
534,1.00728
535,6.77981
536,1.06311
537,1.01119
538,3.93936
539,1.53663
540,3.22306
541,1.00704
542,1.00672
543,4.82791
544,1.00329
545,8.17051
546,3.32590
547,5.05344
548,1.06843
549,1.00257
550,1.00155
551,4.16881
552,1.26699
553,6.12414
554,11.76972
555,6.03481
556,1.04924
557,1.21798
558,1.00428
559,8.91067
560,1.06027
561,2.30162
562,42.03237
563,5.19719
564,1.46094
565,3.03488
566,1.40063
567,3.82213
568,1.95341
569,6.00569
570,1.84546
571,1.94804
572,1.47199
573,3.35787
574,2.02904
575,11.71157
576,2.42571
577,21.02467
578,1.00270
579,7.00312
580,1.00739
581,1.00105
582,1.00100
583,2.06364
584,1.00100
585,1.47475
586,1.54903
587,1.98208
588,1.33768
589,2.70645
590,3.68889
591,2.18472
592,2.50135
593,1.93694
594,1.01577
595,3.24536
596,1.21836
597,5.18231
598,7.40732
599,5.62544
600,2.90617
601,5.60167
602,8.26977
603,4.89514
604,2.26352
605,9.62143
606,1.90212
607,4.03589
608,1.68255
609,2.90329
610,3.14353
611,1.23431
612,1.73128
613,2.52239
614,2.03643
615,1.23369
616,1.26571
617,2.41967
618,1.63155
619,1.13157
620,1.21450
621,3.13770
622,13.16336
623,5.19340
624,1.06549
625,1.67643
626,3.28072
627,1.68676
628,1.02620
629,1.25324
630,6.14420
631,4.35138
632,1.13095
633,1.95484
634,2.94890
635,3.47568
636,1.38751
637,2.29203
638,1.01881
639,1.73345
640,1.72022
641,1.18470
642,2.64730
643,1.16343
644,1.47092
645,1.47806
646,2.73856
647,16.93660
648,1.00766
649,1.10966
650,44.56770
651,1.71565
652,1.07828
653,3.14653
654,10.68346
655,3.18102
656,1.92903
657,2.02760
658,4.42298
659,1.84881
660,1.25590
661,2.26412
662,2.64631
663,1.05016
664,2.22804
665,1.29599
666,2.17600
667,1.05902
668,1.18598
669,1.69652
670,1.89810
671,1.98181
672,1.41610
673,1.82678
674,11.21765
675,1.62558
676,1.32777
677,3.21646
678,6.95870
679,3.72184
680,1.43256
681,1.81329
682,3.63514
683,1.23289
684,1.28037
685,2.05452
686,2.27314
687,1.33631
688,1.87294
689,2.42213
690,8.03718
691,1.78399
692,1.01251
693,2.57027
694,2.30654
695,1.81347
696,1.24662
697,1.35728
698,2.10738
699,1.16469
700,1.06537
701,1.57155
702,4.04470
703,1.20445
704,1.25438
705,5.05457
706,14.24379
707,1.80164
708,1.60487
709,1.36290
710,1.45278
711,1.23253
712,1.23954
713,2.75162
714,3.84761
715,1.56521
716,3.04753
717,13.75424
718,1.51627
719,4.46345
720,2.56999
721,1.74561
722,2.21089
723,1.42474
724,1.10168
725,1.30760
726,1.57118
727,1.09116
728,1.03669
729,1.00182
730,3.39830
731,3.37812
732,1.00723
733,1.37242
734,1.53323
735,1.35549
736,1.34812
737,2.18294
738,1.42912
739,2.85561
740,1.70697
741,8.48640
742,55.79201
743,5.51342
744,4.61905
745,5.28802
746,3.78070
747,2.81636
748,1.98555
749,1.51384
750,3.35023
751,1.16535
752,1.26893
753,2.12798
754,4.34659
755,1.13948
756,1.23306
757,5.32264
758,21.23735
759,7.02126
760,1.17266
761,1.00726
762,1.00458
763,4.55562
764,1.01812
765,1.87945
766,2.39026
767,2.07965
768,1.27842
769,2.93484
770,2.74905
771,3.27407
772,1.70493
773,3.52832
774,16.04497
775,1.46524
776,1.36124
777,1.75564
778,1.01523
779,2.54438
780,1.58014
781,1.45699
782,2.50538
783,1.23087
784,1.40411
785,1.24476
786,2.94425
787,0.98079
788,1.13348
789,1.00803
790,3.23277
791,8.64391
792,1.54218
793,1.63488
794,1.88235
795,6.94777
796,1.27249
797,2.64251
798,3.29087
799,1.31747
800,1.30158
801,1.07225
802,2.33034
803,3.06958
804,1.48226
805,2.54933
806,2.96126
807,1.60561
808,1.18841
809,1.52348
810,3.53054
811,3.03369
812,1.29249
813,1.47926
814,1.42731
815,1.00100
816,1.28973
817,1.42165
818,2.06244
819,5.31821
820,1.01473
821,4.81447
822,1.33762
823,2.13136
824,1.23144
825,1.01877
826,1.86835
827,2.13239
828,1.12172
829,2.78678
830,5.05577
831,2.89198
832,1.30136
833,13.24256
834,4.85351
835,3.35799
836,2.49312
837,1.33885
838,1.44012
839,1.64156
840,1.19306
841,1.87305
842,1.63779
843,1.09315
844,1.18663
845,1.72444
846,3.55709
847,2.28959
848,1.29224
849,1.41880
850,1.98309
851,1.41969
852,1.31538
853,1.70317
854,3.06291
855,1.35759
856,1.21573
857,3.24703
858,2.13577
859,1.66499
860,1.07215
861,2.80846
862,1.54851
863,3.14793
864,1.02105
865,2.91727
866,1.07205
867,6.91331
868,1.30547
869,2.19296
870,2.32050
871,4.10587
872,2.00027
873,1.00218
874,1.01134
875,14.88143
876,1.00437
877,2.59924
878,3.51272
879,2.33240
880,1.24403
881,2.52865
882,2.15116
883,1.53281
884,1.17464
885,1.03947
886,1.05881
887,3.89208
888,1.41766
889,1.67917
890,3.56154
891,1.20869
892,1.71647
893,1.52787
894,2.07600
895,1.11036
896,1.23648
897,1.02067
898,10.99538
899,1.99875
900,1.52529
901,1.07680
902,1.03143
903,2.61548
904,1.25859
905,2.84528
906,2.67549
907,2.39688
908,1.62159
909,2.02072
910,1.60587
911,1.52379
912,1.13247
913,1.16131
914,1.36675
915,1.36753
916,1.33785
917,10.09993
918,85.05278
919,4.52926
920,1.77219
921,1.03590
922,1.03847
923,4.28965
924,1.00426
925,3.09553
926,1.01150
927,2.39474
928,1.05721
929,14.59883
930,1.98316
931,21.83599
932,1.55880
933,2.11915
934,2.18821
935,1.08795
936,1.58620
937,1.36415
938,1.79606
939,3.35701
940,1.14401
941,1.58296
942,1.37273
943,1.36883
944,1.12364
945,1.56823
946,2.02834
947,2.06649
948,1.40430
949,3.50975
950,5.28585
951,1.67878
952,1.52641
953,23.05393
954,11.51593
955,5.46366
956,1.88190
957,3.59450
958,12.55372
959,1.79041
960,1.54784
961,5.77263
962,14.35462
963,6.62504
964,3.56396
965,1.02801
966,1.01612
967,15.18188
968,1.08212
969,2.52902
970,4.33259
971,1.63968
972,3.01071
973,2.14741
974,4.54046
975,3.61019
976,1.25624
977,2.39946
978,2.56475
979,2.06666
980,1.03174
981,7.25439
982,19.14149
983,4.86829
984,4.21026
985,2.65062
986,2.04402
987,2.71781
988,1.29794
989,1.17701
990,1.65807
991,1.63165
992,0.97687
993,2.84904
994,5.15375
995,1.47138
996,1.67551
997,1.26248
998,2.37343
999,1.06973
1000,1.39536
1001,1.00323
1002,1.00938
1003,5.30603
1004,1.02216
1005,11.46412
1006,86.13402
1007,2.70328
1008,5.27449
1009,3.10273
1010,6.82873
1011,1.11417
1012,1.29103
1013,2.97494
1014,1.02844
1015,1.71675
1016,1.36159
1017,13.12703
1018,4.54266
1019,1.53960
1020,2.23193
1021,2.65474
1022,1.11406
1023,4.64148
1024,1.43109
1025,10.11068
1026,1.46060
1027,2.32887
1028,6.20698
1029,1.75355
1030,20.85198
1031,4.61958
1032,1.08242
1033,5.92381
1034,4.12580
1035,1.91441
1036,1.05517
1037,3.57655
1038,8.32673
1039,1.50202
1040,1.39565
1041,2.21264
1042,4.05565
1043,3.41463
1044,1.78833
1045,1.48619
1046,3.36586
1047,1.02123
1048,1.38012
1049,2.44011
1050,2.86732
1051,1.14032
1052,1.57686
1053,2.71091
1054,6.18663
1055,1.65575
1056,2.06290
1057,1.54796
1058,3.61844
1059,1.05179
1060,1.47943
1061,2.04166
1062,3.19082
1063,1.40213
1064,1.27969
1065,3.68865
1066,9.12209
1067,3.37761
1068,1.73932
1069,4.61079
1070,4.31436
1071,2.65229
1072,1.18019
1073,2.22885
1074,3.04553
1075,1.20582
1076,1.48482
1077,3.48734
1078,3.39257
1079,1.11536
1080,1.93894
1081,2.45816
1082,3.78127
1083,1.29982
1084,1.28908
1085,5.13987
1086,15.88613
1087,1.65061
1088,1.67624
1089,1.68891
1090,3.12602
1091,1.20806
1092,1.31651
1093,2.60584
1094,1.64334
1095,1.08654
1096,1.57970
1097,10.07842
1098,12.69052
1099,1.89765
1100,1.75948
1101,1.82061
1102,3.46940
1103,1.50548
1104,1.38699
1105,1.35623
1106,1.01636
1107,1.97680
1108,1.35116
1109,2.26320
1110,2.91548
1111,1.38849
1112,1.46710
1113,1.38529
1114,48.76393
1115,21.95252
1116,1.00274
1117,12.77464
1118,16.58633
1119,6.81661
1120,1.17140
1121,3.21180
1122,1.40314
1123,4.64285
1124,2.08723
1125,1.18110
1126,1.77003
1127,10.53156
1128,1.30462
1129,5.08534
1130,1.33377
1131,4.47072
1132,1.94705
1133,1.23209
1134,1.72538
1135,1.78741
1136,1.09809
1137,2.84068
1138,3.89154
1139,5.17006
1140,1.21390
1141,2.18989
1142,2.96430
1143,1.74797
1144,1.11179
1145,2.37770
1146,2.62971
1147,1.87469
1148,1.63884
1149,1.75470
1150,3.75332
1151,1.18895
1152,1.43427
1153,7.90899
1154,1.02407
1155,1.63770
1156,1.31266
1157,3.55150
1158,3.30952
1159,1.54708
1160,2.77756
1161,2.34296
1162,1.00831
1163,207.66991
1164,2.17160
1165,3.00239
1166,3.76409
1167,1.70904
1168,1.74407
1169,3.78146
1170,4.08218
1171,2.12273
1172,2.16493
1173,2.00348
1174,1.01265
1175,3.00951
1176,1.01050
1177,5.81186
1178,1.02221
1179,1.53350
1180,1.53976
1181,2.38287
1182,3.42955
1183,1.20424
1184,1.64156
1185,2.01942
1186,5.47552
1187,1.87173
1188,1.50636
1189,2.38405
1190,2.09499
1191,3.35391
1192,1.38835
1193,3.73485
1194,3.86139
1195,1.59007
1196,1.69724
1197,1.30235
1198,1.00655
1199,6.46841
1200,1.05865
1201,4.30779
1202,1.04410
1203,11.11483
1204,1.84833
1205,2.71332
1206,4.66870
1207,1.64280
1208,1.59647
1209,1.00701
1210,1.00356
1211,12.61837
1212,1.00461
1213,3.13010
1214,2.07427
1215,1.46835
1216,1.31625
1217,2.75489
1218,5.41077
1219,3.15164
1220,1.17655
1221,1.00822
1222,1.01334
1223,1.99640
1224,1.00520
1225,8.17000
1226,3.64559
1227,35.13421
1228,3.10277
1229,2.78783
1230,4.67090
1231,5.47330
1232,1.54894
1233,2.12260
1234,3.23175
1235,1.28311
1236,1.28711
1237,1.59529
1238,1.47727
1239,1.09378
1240,1.16012
1241,3.49479
1242,5.38263
1243,2.10410
1244,1.52607
1245,2.75677
1246,3.87178
1247,2.20834
1248,1.71098
1249,3.17045
1250,63.60665
1251,6.36185
1252,2.11790
1253,1.00461
1254,3.39965
1255,3.03753
1256,1.01370
1257,3.50724
1258,7.56763
1259,4.69055
1260,1.55368
1261,2.27215
1262,7.82485
1263,6.32212
1264,1.71512
1265,2.82735
1266,3.24060
1267,2.84269
1268,1.47987
1269,1.92681
1270,2.76714
1271,2.45490
1272,1.44049
1273,2.31975
1274,10.87660
1275,1.23606
1276,1.27450
1277,1.66584
1278,1.55652
1279,1.06851
1280,1.35946
1281,2.07127
1282,2.93023
1283,1.60549
1284,1.50238
1285,1.31990
1286,1.55531
1287,2.66292
1288,1.18253
1289,2.42584
1290,7.24888
1291,3.39821
1292,1.42805
1293,7.12562
1294,6.59659
1295,5.28643
1296,1.80952
1297,1.16636
1298,1.01986
1299,11.30921
1300,1.78432
1301,3.55137
1302,3.93207
1303,3.92413
1304,1.46722
1305,2.06493
1306,2.92123
1307,3.74762
1308,1.17908
1309,4.91950
1310,7.86599
1311,4.18832
1312,1.68878
1313,1.77259
1314,3.23029
1315,4.63297
1316,1.42934
1317,1.58892
1318,1.80640
1319,1.38002
1320,1.40809
1321,1.48999
1322,3.21053
1323,2.88555
1324,1.38830
1325,1.42542
1326,2.77764
1327,1.44986
1328,1.31271
1329,1.31113
1330,1.33819
1331,1.10609
1332,1.35695
1333,2.16379
1334,2.73781
1335,1.88710
1336,1.33317
1337,1.76297
1338,3.55378
1339,1.06346
1340,1.70506
1341,1.58857
1342,2.44891
1343,1.00100
1344,1.62909
1345,3.23171
1346,3.54298
1347,3.22715
1348,1.20209
1349,1.87540
1350,2.67056
1351,1.11760
1352,1.43944
1353,1.49777
1354,1.91076
1355,1.38486
1356,1.40777
1357,1.69629
1358,1.19531
1359,0.99228
1360,1.02169
1361,2.26585
1362,2.65442
1363,1.69353
1364,1.54277
1365,1.67965
1366,2.38361
1367,1.29236
1368,1.16377
1369,3.01362
1370,5.44513
1371,1.13348
1372,1.31611
1373,2.57162
1374,3.78832
1375,1.55354
1376,1.26170
1377,2.67247
1378,5.85480
1379,2.45829
1380,1.18668
1381,2.02709
1382,2.54393
1383,1.91048
1384,1.90559
1385,1.70005
1386,2.72047
1387,3.63421
1388,1.59789
1389,2.83492
1390,3.09877
1391,1.45948
1392,1.51775
1393,2.12149
1394,4.26482
1395,1.31389
1396,2.21167
1397,1.40985
1398,2.44090
1399,1.24067
1400,1.14268
1401,3.30877
1402,6.93265
1403,1.24676
1404,1.58482
1405,3.11607
1406,5.85706
1407,1.42423
1408,1.49921
1409,1.91855
1410,2.96991
1411,1.06610
1412,2.08218
1413,2.30198
1414,6.16128
1415,2.82230
1416,1.59430
1417,4.52564
1418,13.21789
1419,2.46260
1420,1.82202
1421,2.23973
1422,8.41307
1423,2.22047
1424,1.50441
1425,3.11393
1426,3.78001
1427,1.95116
1428,1.88879
1429,2.31243
1430,6.90427
1431,2.97244
1432,1.72260
1433,2.19709
1434,2.34385
1435,1.20914
1436,1.65958
1437,2.88486
1438,5.09797
1439,1.54310
1440,2.34385
1441,2.48041
1442,3.12250
1443,1.36444
1444,1.48436
1445,6.48916
1446,12.41586
1447,1.68918
1448,1.45797
1449,2.25745
1450,65.94442
1451,3.75529
1452,1.18687
1453,11.01008
1454,1.69798
1455,2.34510
1456,1.47090
1457,2.12199
1458,4.48318
1459,1.35269
1460,1.63393
1461,3.72487
1462,8.24394
1463,2.04665
1464,2.21118
1465,2.06566
1466,1.60443
1467,1.63739
1468,1.26730
1469,2.21521
1470,5.87516
1471,1.36134
1472,1.64703
1473,2.70093
1474,4.49453
1475,1.55087
1476,1.40249
1477,3.42216
1478,3.38538
1479,1.36408
1480,1.24078
1481,4.84404
1482,2.76493
1483,1.27648
1484,1.90766
1485,5.30995
1486,5.84300
1487,4.73628
1488,1.67198
1489,1.85012
1490,2.37872
1491,3.13091
1492,1.89318
1493,1.83485
1494,1.99967
1495,0.98328
1496,1.65282
1497,9.28064
1498,8.60093
1499,8.02862
1500,2.86185
1501,3.60030
1502,2.16956
1503,2.95929
1504,1.16715
1505,1.31058
1506,2.89788
1507,1.11111
1508,1.48853
1509,1.77240
1510,4.59598
1511,3.61823
1512,1.36627
1513,5.39114
1514,2.49265
1515,1.32829
1516,1.88633
1517,2.47073
1518,5.21859
1519,1.20253
1520,1.66517
1521,6.02006
1522,3.37002
1523,3.33050
1524,1.34641
1525,1.37205
1526,2.40056
1527,1.14384
1528,1.83709
1529,1.76977
1530,2.32631
1531,2.16117
1532,1.24696
1533,1.68335
1534,1.80569
1535,1.41317
1536,1.72880
1537,5.38507
1538,3.06574
1539,3.80290
1540,2.61866
1541,1.77072
1542,1.64109
1543,2.63344
1544,2.95830
1545,2.26155
1546,4.90263
1547,1.14009
1548,2.44560
1549,2.57496
1550,2.08579
1551,2.26432
1552,1.45681
1553,2.05267
1554,2.91427
1555,2.23758
1556,1.25668
1557,2.03046
1558,4.00656
1559,3.05514
1560,1.31937
1561,4.03226
1562,4.65451
1563,4.56200
1564,1.76750
1565,1.76724
1566,6.39078
1567,1.85575
1568,1.45675
1569,2.47813
1570,2.20437
1571,2.19270
1572,1.41585
1573,3.61288
1574,4.97289
1575,2.71716
1576,1.57487
1577,1.83317
1578,14.33111
1579,2.55242
1580,1.53030
1581,2.36215
1582,4.86453
1583,1.16095
1584,1.26805
1585,2.57886
1586,6.24099
1587,1.35994
1588,2.15838
1589,2.19683
1590,3.29688
1591,1.41032
1592,1.38183
1593,1.76445
1594,3.35990
1595,1.61039
1596,1.36097
1597,3.83556
1598,10.54552
1599,1.98690
1600,2.63918
1601,1.67663
1602,3.46412
1603,1.29180
1604,1.84724
1605,2.20246
1606,3.10924
1607,4.49235
1608,0.89084
1609,6.84531
1610,12.17540
1611,2.13932
1612,2.08051
1613,0.82158
1614,1.45863
1615,1.16957
1616,1.24219
1617,2.45940
1618,1.03897
1619,2.74880
1620,1.47571
1621,6.66887
1622,5.37022
1623,15.90033
1624,1.32133
1625,1.47631
1626,1.33129
1627,1.52567
1628,1.29165
1629,5.73007
1630,12.12487
1631,3.25485
1632,1.72845
1633,5.29374
1634,10.53902
1635,2.84193
1636,2.10608
1637,1.54712
1638,1.54275
1639,1.08930
1640,1.43658
1641,2.10849
1642,4.86076
1643,4.48958
1644,1.23330
1645,2.17381
1646,3.45958
1647,2.01099
1648,1.89722
1649,1.01116
1650,1.00835
1651,5.82332
1652,1.17674
1653,3.08506
1654,3.80382
1655,2.22755
1656,1.43537
1657,1.50648
1658,1.88193
1659,1.67068
1660,1.33721
1661,2.29113
1662,6.66819
1663,1.80678
1664,2.24830
1665,8.63358
1666,5.63054
1667,1.49819
1668,10.05974
1669,2.43327
1670,6.08332
1671,1.14450
1672,1.84521
1673,3.14130
1674,1.48500
1675,1.59613
1676,1.78917
1677,1.94036
1678,1.68670
1679,1.03323
1680,1.23799
1681,1.27181
1682,2.29533
1683,2.09277
1684,1.70060
1685,1.52708
1686,1.80795
1687,1.30362
1688,1.46281
1689,1.29205
1690,1.38928
1691,1.65992
1692,1.61236
1693,1.64276
1694,1.76728
1695,1.27980
1696,1.29569
1697,3.65074
1698,6.93033
1699,1.52532
1700,1.73267
1701,2.95168
1702,2.69192
1703,1.07277
1704,1.57206
1705,40.67705
1706,8.09611
1707,1.95125
1708,1.88888
1709,1.38837
1710,4.36280
1711,1.05732
1712,1.81916
1713,1.17182
1714,1.87351
1715,1.12393
1716,1.43507
1717,1.94880
1718,1.90174
1719,1.39084
1720,1.58558
1721,1.66771
1722,2.60146
1723,2.77454
1724,1.17030
1725,2.31464
1726,3.36453
1727,1.67940
1728,1.37960
1729,1.10876
1730,1.42282
1731,0.91808
1732,1.18556
1733,3.65869
1734,9.76969
1735,1.77831
1736,2.16902
1737,2.15500
1738,3.32794
1739,1.06463
1740,1.12846
1741,1.97227
1742,7.08377
1743,3.30310
1744,1.52780
1745,1.97055
1746,2.28303
1747,1.32921
1748,1.44839
1749,3.89204
1750,1.75633
1751,1.98483
1752,1.35891
1753,1.30223
1754,2.90022
1755,1.60893
1756,1.11296
1757,1.77728
1758,4.17187
1759,1.25089
1760,2.08991
1761,1.97015
1762,2.63230
1763,3.13606
1764,1.19508
1765,2.09280
1766,5.60991
1767,1.11580
1768,1.95411
1769,3.35104
1770,3.33639
1771,1.27761
1772,2.90678
1773,2.31644
1774,2.46416
1775,1.08966
1776,1.31808
1777,2.12809
1778,3.37017
1779,4.09583
1780,1.17265
1781,1.26938
1782,2.59804
1783,1.58822
1784,1.13496
1785,1.49515
1786,1.57040
1787,1.06052
1788,1.21920
1789,2.72822
1790,2.42586
1791,1.45159
1792,1.25484
1793,1.51662
1794,1.96789
1795,1.00520
1796,1.28474
1797,2.61857
1798,6.57233
1799,2.16483
1800,1.16418
1801,1.82748
1802,3.95701
1803,2.71002
1804,1.33478
1805,1.70033
1806,2.30493
1807,0.99247
1808,1.11004
1809,1.50011
1810,6.20105
1811,1.04431
1812,1.49634
1813,1.88230
1814,2.05741
1815,1.29723
1816,1.47178
1817,55.60327
1818,5.11368
1819,8.37294
1820,3.99301
1821,2.38848
1822,2.58596
1823,1.40825
1824,1.48774
1825,1.89842
1826,2.76929
1827,1.14727
1828,1.22490
1829,2.69180
1830,6.22744
1831,1.42066
1832,1.52218
1833,1.78537
1834,1.88205
1835,1.07073
1836,1.11889
1837,1.40327
1838,1.78586
1839,1.23309
1840,1.11479
1841,1.60009
1842,1.93935
1843,1.78813
1844,1.26552
1845,1.34685
1846,3.48249
1847,1.04916
1848,1.28676
1849,2.46478
1850,6.32398
1851,1.28262
1852,1.73272
1853,1.34394
1854,2.34904
1855,1.02414
1856,1.17069
1857,4.68102
1858,12.51487
1859,1.11216
1860,3.78374
1861,3.36645
1862,8.88476
1863,7.69553
1864,1.33169
1865,1.26239
1866,2.46962
1867,1.19182
1868,1.74867
1869,2.77124
1870,2.21651
1871,1.67207
1872,1.51133
1873,1.23564
1874,2.09073
1875,1.16659
1876,1.27466
1877,1.53584
1878,2.14430
1879,1.27071
1880,1.24265
1881,1.71737
1882,2.26413
1883,1.17663
1884,1.42866
1885,3.24383
1886,3.01113
1887,1.56858
1888,1.70994
1889,1.73611
1890,2.29081
1891,1.28358
1892,1.49070
1893,1.41512
1894,3.03945
1895,1.84025
1896,1.20572
1897,3.17429
1898,4.78850
1899,1.09226
1900,1.35808
1901,2.29648
1902,1.70082
1903,1.93713
1904,1.38576
1905,2.36555
1906,1.56494
1907,1.67790
1908,1.41215
1909,8.86274
1910,1.58524
1911,2.29957
1912,2.13633
1913,4.09190
1914,2.66775
1915,1.77118
1916,1.32270
1917,13.54685
1918,18.11650
1919,2.91814
1920,1.84817
1921,1.16931
1922,1.39285
1923,1.31921
1924,1.11147
1925,15.73818
1926,1.02245
1927,17.24084
1928,1.00480
1929,3.18860
1930,4.04770
1931,3.96585
1932,1.36064
1933,5.20785
1934,2.16365
1935,1.35491
1936,1.37952
1937,2.86245
1938,3.76439
1939,1.38564
1940,1.97681
1941,4.19651
1942,4.75008
1943,2.77457
1944,1.36436
1945,4.32943
1946,3.20632
1947,1.55852
1948,1.53697
1949,20.87322
1950,5.77686
1951,1.75220
1952,1.83742
1953,17.64770
1954,2.51286
1955,3.44622
1956,2.03962
1957,2.43214
1958,3.39187
1959,1.73105
1960,2.18203
1961,8.94507
1962,6.88338
1963,1.93881
1964,2.15360
1965,1.46244
1966,1.75003
1967,1.57009
1968,0.91357
1969,2.32510
1970,1.90555
1971,1.35183
1972,1.36087
1973,1.58303
1974,2.79849
1975,2.37517
1976,1.58839
1977,3.20999
1978,1.87439
1979,1.55940
1980,1.70062
1981,2.03619
1982,2.44438
1983,2.74729
1984,1.61092
1985,2.60092
1986,1.57770
1987,1.89525
1988,1.17809
1989,2.07496
1990,2.72503
1991,1.32904
1992,1.98637
1993,3.62222
1994,8.26979
1995,1.62628
1996,1.72438
1997,1.23569
1998,1.57602
1999,1.20974
2000,1.16581
2001,1.71980
2002,1.93909
2003,1.51054
2004,1.23519
2005,2.21294
2006,1.66602
2007,5.11139
2008,1.44606
2009,1.23402
2010,1.29777
2011,1.05773
2012,0.93253
2013,1.28511
2014,1.96117
2015,1.37409
2016,1.23417
2017,3.87091
2018,1.93213
2019,2.44800
2020,1.32340
2021,3.04700
2022,3.64596
2023,1.87927
2024,1.37263
2025,2.37912
2026,1.47876
2027,1.97245
2028,1.35489
2029,3.31612
2030,3.89691
2031,3.43728
2032,1.74945
2033,1.44603
2034,1.54866
2035,1.51234
2036,1.17563
2037,1.35811
2038,1.45504
2039,1.53985
2040,1.48180
2041,1.47722
2042,1.18096
2043,1.30924
2044,1.04625
2045,1.46689
2046,1.01106
2047,8.77040
2048,3.35555
2049,1.83611
2050,5.29329
2051,1.04902
2052,1.97605
2053,3.14023
2054,3.62796
2055,1.48085
2056,1.55559
2057,0.87664
2058,1.28700
2059,1.59052
2060,1.06642
2061,12.22042
2062,8.13910
2063,1.42232
2064,4.24771
2065,1.71231
2066,2.39261
2067,1.15147
2068,1.24695
2069,2.45235
2070,2.70548
2071,1.26815
2072,1.42263
2073,5.23959
2074,4.81527
2075,1.95033
2076,2.34738
2077,1.39633
2078,2.20423
2079,1.28045
2080,1.13136
2081,1.96622
2082,2.39482
2083,1.47199
2084,1.41616
2085,1.08658
2086,1.37916
2087,1.09188
2088,1.06378
2089,6.28068
2090,2.72948
2091,4.66356
2092,2.96469
2093,1.60063
2094,1.41247
2095,1.91356
2096,1.30890
2097,5.21037
2098,2.23690
2099,3.99146
2100,1.55882
2101,2.09363
2102,2.24757
2103,2.05685
2104,1.22306
2105,3.62614
2106,3.28843
2107,1.56519
2108,2.14140
2109,1.56403
2110,2.57099
2111,1.22809
2112,1.51081
2113,1.36492
2114,1.57286
2115,1.07894
2116,1.05753
2117,1.77346
2118,1.92591
2119,1.04244
2120,1.95364
2121,1.58510
2122,1.66469
2123,1.22175
2124,1.19281
2125,1.51219
2126,1.12882
2127,1.03273
2128,1.05364
2129,8.78418
2130,4.70236
2131,2.00493
2132,2.24896
2133,2.49738
2134,2.66385
2135,1.30097
2136,1.68333
2137,1.21746
2138,1.46779
2139,0.96289
2140,1.00529
2141,1.28457
2142,1.81582
2143,1.42777
2144,1.15867
2145,2.14679
2146,6.59904
2147,2.53277
2148,1.20513
2149,1.65212
2150,2.86436
2151,1.62697
2152,1.29703
2153,1.66067
2154,2.47954
2155,2.56971
2156,1.28152
2157,1.36523
2158,1.36720
2159,1.14868
2160,1.13328
2161,1.10584
2162,1.66807
2163,1.13783
2164,1.08945
2165,1.48275
2166,1.67758
2167,1.22518
2168,1.29336
2169,2.51496
2170,2.60354
2171,1.08768
2172,2.13532
2173,1.14005
2174,2.07362
2175,1.34987
2176,1.13159
2177,1.21616
2178,2.23001
2179,1.05247
2180,1.13930
2181,5.35241
2182,3.69612
2183,3.60775
2184,1.40556
2185,1.14707
2186,1.40684
2187,1.19504
2188,1.12293
2189,1.48983
2190,2.30834
2191,1.39490
2192,1.07077
2193,1.04172
2194,1.26831
2195,1.28553
2196,1.19253
2197,1.35236
2198,1.39641
2199,0.97902
2200,0.97918
2201,2.14509
2202,2.48902
2203,1.36620
2204,1.20101
2205,1.62712
2206,2.70363
2207,0.99628
2208,1.75522
2209,1.30970
2210,1.30060
2211,1.40081
2212,1.12772
2213,2.61003
2214,2.55004
2215,1.49471
2216,1.22832
2217,8.47417
2218,15.01558
2219,1.66943
2220,1.83682
2221,1.13176
2222,1.31766
2223,1.27675
2224,1.15653
2225,1.65094
2226,1.30436
2227,4.08875
2228,1.26121
2229,1.55777
2230,1.46024
2231,1.05094
2232,1.07534
2233,2.05492
2234,1.52555
2235,1.32767
2236,1.52688
2237,1.25045
2238,1.75356
2239,0.93925
2240,0.93142
2241,1.28862
2242,2.17518
2243,0.96933
2244,0.86479
2245,2.04084
2246,2.09437
2247,1.59958
2248,1.22607
2249,2.44133
2250,3.92882
2251,2.98399
2252,1.38619
2253,2.30267
2254,2.86266
2255,1.48957
2256,1.34589
2257,4.44619
2258,4.44282
2259,3.45664
2260,2.34556
2261,2.16786
2262,5.01265
2263,4.57691
2264,1.30869
2265,19.81970
2266,9.17042
2267,9.30730
2268,24.70393
2269,1.24936
2270,1.23335
2271,1.17948
2272,1.11805
2273,1.46208
2274,1.07906
2275,1.00521
2276,1.37435
2277,1.25261
2278,1.38650
2279,1.32737
2280,1.09684
2281,1.18417
2282,1.39246
2283,1.18983
2284,1.01198
2285,2.97126
2286,2.95229
2287,2.26385
2288,1.29072
2289,1.17868
2290,1.38727
2291,1.03348
2292,1.01153
2293,1.27910
2294,1.53983
2295,1.19076
2296,1.18976
2297,2.31384
2298,2.29303
2299,2.40224
2300,1.41441
2301,1.82675
2302,1.35959
2303,1.14170
2304,1.59168
2305,2.41674
2306,2.87496
2307,1.19476
2308,1.19046
2309,1.52971
2310,1.80046
2311,1.14407
2312,1.02393
2313,1.58238
2314,1.67909
2315,2.01840
2316,0.97709
2317,5.57897
2318,3.73404
2319,2.56075
2320,3.23354
2321,1.92337
2322,3.36316
2323,1.26896
2324,1.08292
2325,2.20037
2326,2.02037
2327,1.69937
2328,1.53095
2329,1.14618
2330,1.13627
2331,11.43619
2332,2.33778
2333,1.41224
2334,2.14017
2335,1.45517
2336,1.14752
2337,1.20804
2338,1.12941
2339,1.08648
2340,1.03386
2341,2.47938
2342,1.66880
2343,1.77486
2344,1.26737
2345,5.00135
2346,25.23538
2347,3.91127
2348,2.35973
2349,1.71227
2350,3.26132
2351,1.14329
2352,1.37333
2353,3.38076
2354,1.01467
2355,4.49163
2356,1.01594
2357,1.89993
2358,1.84267
2359,1.23897
2360,1.20384
2361,2.05574
2362,1.03839
2363,1.56568
2364,1.23638
2365,1.72428
2366,4.83757
2367,1.05340
2368,3.34578
2369,1.46606
2370,1.65496
2371,1.64909
2372,1.16289
2373,2.61213
2374,2.71132
2375,1.97944
2376,1.87587
2377,1.12539
2378,1.45484
2379,1.10236
2380,1.19772
2381,4.15733
2382,1.98679
2383,1.28143
2384,1.43166
2385,2.39886
2386,3.90021
2387,1.47387
2388,1.43403
2389,8.53533
2390,6.22073
2391,1.21616
2392,6.21968
2393,2.74080
2394,2.18426
2395,1.49300
2396,1.47707
2397,1.50623
2398,1.51704
2399,1.14391
2400,1.15756
2401,2.32062
2402,1.34733
2403,3.21246
2404,1.50693
2405,2.44599
2406,2.64386
2407,2.99303
2408,1.03840
2409,1.37749
2410,2.16286
2411,2.00242
2412,0.93367
2413,1.91475
2414,2.95614
2415,2.19035
2416,1.48729
2417,3.52420
2418,4.35165
2419,3.39197
2420,1.36108
2421,1.42067
2422,1.26505
2423,1.02331
2424,1.15372
2425,1.76374
2426,2.04947
2427,1.56550
2428,1.63045
2429,1.56492
2430,1.74846
2431,1.37192
2432,1.11426
2433,1.74744
2434,1.50986
2435,1.14293
2436,1.27967
2437,3.28078
2438,3.37578
2439,1.26949
2440,1.78609
2441,1.93358
2442,2.18590
2443,1.14560
2444,2.17737
2445,2.21363
2446,1.56029
2447,1.37023
2448,1.44164
2449,1.70202
2450,3.55485
2451,2.25845
2452,1.95292
2453,5.39981
2454,6.82722
2455,2.98290
2456,1.28313
2457,5.20103
2458,1.79508
2459,2.81253
2460,2.26467
2461,2.79096
2462,1.64413
2463,3.32633
2464,1.26655
2465,4.34734
2466,5.25763
2467,2.25509
2468,2.40062
2469,2.26328
2470,1.94558
2471,1.63850
2472,1.39076
2473,8.56320
2474,1.55392
2475,2.00751
2476,1.03261
2477,2.33979
2478,1.52743
2479,1.54185
2480,1.50834
2481,1.14262
2482,1.58345
2483,1.06150
2484,1.37659
2485,1.44630
2486,2.19823
2487,1.42469
2488,1.43069
2489,2.64994
2490,1.97642
2491,1.35643
2492,1.17965
2493,1.46552
2494,1.93044
2495,1.22045
2496,1.22924
2497,1.60485
2498,1.55245
2499,1.11677
2500,1.12590
2501,3.42598
2502,4.03379
2503,1.62562
2504,1.72159
2505,1.67181
2506,1.57340
2507,1.54367
2508,1.17938
2509,5.06435
2510,11.05434
2511,1.22114
2512,1.47228
2513,2.57786
2514,3.70141
2515,1.33914
2516,1.82170
2517,1.78279
2518,2.77364
2519,1.13414
2520,1.18257
2521,1.21071
2522,1.53593
2523,1.54472
2524,0.85079
2525,4.77579
2526,3.27633
2527,2.01618
2528,1.67165
2529,1.41320
2530,1.36722
2531,1.25287
2532,1.00668
2533,1.28764
2534,2.75966
2535,16.21553
2536,1.24395
2537,5.15411
2538,3.84478
2539,2.19896
2540,1.09682
2541,2.62686
2542,4.47002
2543,1.39356
2544,1.76789
2545,3.28729
2546,3.75920
2547,4.04265
2548,1.52959
2549,0.96937
2550,1.22187
2551,1.05979
2552,1.22044
2553,4.32990
2554,4.26935
2555,1.43397
2556,1.34933
2557,5.73673
2558,5.89398
2559,2.37335
2560,1.80456
2561,1.24593
2562,1.25231
2563,1.54513
2564,1.04005
2565,1.38198
2566,1.85814
2567,1.52679
2568,1.53872
2569,1.69528
2570,5.45832
2571,1.71225
2572,1.27645
2573,0.81308
2574,1.39929
2575,1.29843
2576,1.00752
2577,2.75480
2578,3.51520
2579,2.81191
2580,1.26797
2581,1.68922
2582,1.89333
2583,1.56984
2584,1.90167
2585,5.82003
2586,2.68155
2587,2.08290
2588,2.07866
2589,2.09977
2590,2.15584
2591,1.04170
2592,1.46365
2593,0.85707
2594,1.34713
2595,1.45521
2596,0.97758
2597,1.29685
2598,1.90738
2599,2.16048
2600,1.25497
2601,1.93838
2602,2.52972
2603,1.42523
2604,1.36174
2605,2.41246
2606,5.84579
2607,0.99265
2608,1.57201
2609,2.19513
2610,4.85444
2611,3.11099
2612,1.54325
2613,10.67898
2614,1.00816
2615,3.48324
2616,1.39994
2617,5.08778
2618,2.42623
2619,1.52444
2620,1.90541
2621,1.38672
2622,1.86649
2623,1.16908
2624,1.20366
2625,2.02941
2626,2.33799
2627,2.86379
2628,1.44846
2629,1.14561
2630,1.19179
2631,1.20456
2632,0.99634
2633,2.73926
2634,2.98854
2635,2.21443
2636,1.38960
2637,2.30623
2638,3.98879
2639,2.35497
2640,1.22448
2641,2.30743
2642,5.40388
2643,1.26773
2644,1.88505
2645,3.08045
2646,2.36948
2647,1.16957
2648,1.41358
2649,1.29166
2650,1.76480
2651,1.13241
2652,0.59889
2653,1.26908
2654,1.44884
2655,1.08264
2656,1.15182
2657,4.24854
2658,1.57303
2659,3.65605
2660,1.71937
2661,4.19507
2662,4.07466
2663,2.24174
2664,1.73513
2665,2.80399
2666,2.93441
2667,2.22505
2668,1.21219
2669,1.79004
2670,1.24198
2671,1.01668
2672,1.51420
2673,1.14315
2674,1.96865
2675,4.44615
2676,1.04247
2677,4.66341
2678,7.42440
2679,7.50842
2680,2.05130
2681,4.35789
2682,2.49538
2683,1.43776
2684,1.51991
2685,7.62185
2686,3.55973
2687,5.24377
2688,3.85633
2689,2.55913
2690,1.01686
2691,3.06047
2692,1.03791
2693,1.66025
2694,2.21538
2695,4.51750
2696,1.03821
2697,3.26160
2698,3.95297
2699,3.40081
2700,1.90951
2701,12.16496
2702,7.11785
2703,47.48257
2704,1.38517
2705,4.99519
2706,7.79620
2707,10.56068
2708,1.41085
2709,2.16963
2710,5.19689
2711,2.91288
2712,1.15824
2713,2.63259
2714,3.02478
2715,5.89008
2716,1.27875
2717,6.85156
2718,5.30207
2719,2.13124
2720,1.33542
2721,0.91138
2722,2.07050
2723,0.95810
2724,1.18709
2725,1.87432
2726,3.00743
2727,1.46676
2728,1.42127
2729,2.61625
2730,1.01403
2731,1.64037
2732,1.00330
2733,1.48050
2734,20.41427
2735,4.79928
2736,1.03166
2737,3.24597
2738,6.79680
2739,3.35026
2740,1.02200
2741,1.57518
2742,1.48614
2743,1.00358
2744,1.42159
2745,2.22798
2746,2.88190
2747,1.61187
2748,1.40230
2749,5.23263
2750,1.06169
2751,5.20917
2752,1.82455
2753,3.70000
2754,1.93285
2755,1.43593
2756,1.55482
2757,1.96302
2758,3.22035
2759,1.09646
2760,1.51220
2761,1.33238
2762,1.83234
2763,1.01101
2764,1.44906
2765,2.26990
2766,1.68934
2767,1.26302
2768,1.27276
2769,1.75975
2770,3.66925
2771,1.66959
2772,1.28937
2773,2.37927
2774,2.90551
2775,1.76380
2776,1.51192
2777,1.80717
2778,3.31625
2779,1.26927
2780,1.81179
2781,1.28574
2782,1.62628
2783,1.14596
2784,1.19574
2785,1.31332
2786,1.80624
2787,1.04743
2788,1.60331
2789,2.82019
2790,3.15397
2791,1.41300
2792,2.35909
2793,1.41674
2794,2.50395
2795,1.19959
2796,1.21382
2797,5.12952
2798,3.37729
2799,2.04500
2800,1.81511
2801,1.75092
2802,2.70456
2803,1.36675
2804,1.17844
2805,94.21979
2806,9.64423
2807,1.75164
2808,27.21418
2809,1.61331
2810,2.58458
2811,1.11434
2812,1.61271
2813,1.47384
2814,1.67423
2815,2.27133
2816,1.28825
2817,1.79502
2818,1.80000
2819,2.17055
2820,1.34803
2821,1.33562
2822,1.79444
2823,2.73422
2824,1.55691
2825,1.49385
2826,2.82950
2827,1.85989
2828,1.45025
2829,1.35339
2830,2.06646
2831,1.01258
2832,1.37227
2833,8.69213
2834,13.18668
2835,2.82337
2836,1.61719
2837,2.75901
2838,4.12972
2839,2.35670
2840,1.64501
2841,1.46768
2842,1.83546
2843,1.17575
2844,1.18408
2845,1.92611
2846,1.90404
2847,1.72584
2848,1.49836
2849,8.77228
2850,1.29110
2851,2.15639
2852,1.63966
2853,1.96510
2854,3.03631
2855,1.38784
2856,1.59271
2857,1.50302
2858,2.60393
2859,1.57772
2860,0.50084
2861,2.46198
2862,1.06636
2863,1.41914
2864,1.59912
2865,1.93215
2866,8.01863
2867,1.61360
2868,1.02092
2869,1.00178
2870,1.00297
2871,10.08061
2872,1.00332
2873,1.42136
2874,3.17723
2875,1.33854
2876,1.23406
2877,5.82240
2878,5.77276
2879,4.61137
2880,1.77691
2881,1.65475
2882,1.96830
2883,1.13937
2884,1.19168
2885,2.68174
2886,4.03012
2887,1.08986
2888,1.43599
2889,2.65341
2890,2.88903
2891,1.24196
2892,1.25820
2893,1.77613
2894,1.29692
2895,4.08650
2896,1.46656
2897,3.68154
2898,6.99294
2899,1.31487
2900,2.00908
2901,1.40996
2902,1.67356
2903,1.14969
2904,1.17906
2905,1.57069
2906,1.49564
2907,1.34895
2908,1.13206
2909,1.66509
2910,5.75554
2911,1.10617
2912,1.27933
2913,3.80258
2914,2.77039
2915,1.72105
2916,1.36807
2917,2.01002
2918,3.76360
2919,4.61366
2920,1.35679
2921,2.67913
2922,8.97085
2923,2.80090
2924,1.32012
2925,3.27710
2926,9.42197
2927,6.94347
2928,1.77255
2929,2.44584
2930,1.68825
2931,2.21976
2932,1.33616
2933,1.37998
2934,3.07895
2935,1.51788
2936,1.17595
2937,1.40099
2938,1.06829
2939,1.53703
2940,1.42150
2941,2.66348
2942,3.17222
2943,1.03079
2944,1.28350
2945,1.36839
2946,1.60779
2947,1.66401
2948,1.07056
2949,3.73153
2950,2.62853
2951,3.03890
2952,1.55314
2953,1.35600
2954,2.05328
2955,1.35851
2956,1.13259
2957,2.00539
2958,3.67945
2959,1.06546
2960,1.71743
2961,1.71034
2962,1.84555
2963,1.61702
2964,1.09966
2965,1.69964
2966,1.65274
2967,1.64349
2968,1.23513
2969,1.97543
2970,2.74008
2971,2.30543
2972,1.30893
2973,1.53204
2974,1.34001
2975,1.93785
2976,1.30899
2977,1.00842
2978,1.85736
2979,10.29340
2980,1.00471
2981,1.33978
2982,2.13670
2983,1.85376
2984,0.84969
2985,2.45414
2986,4.66524
2987,3.38261
2988,1.25265
2989,4.22600
2990,1.51670
2991,4.70269
2992,1.01428
2993,2.88015
2994,5.80757
2995,1.07392
2996,1.45987
2997,2.46720
2998,1.55600
2999,1.17720
3000,1.20174
3001,7.35424
3002,10.09616
3003,3.05236
3004,1.25287
3005,7.03839
3006,11.64250
3007,1.46882
3008,1.74431
3009,30.34540
3010,2.21549
3011,40.73269
3012,1.36051
3013,1.87156
3014,5.34506
3015,4.95544
3016,1.65352
3017,2.62937
3018,3.78850
3019,2.72013
3020,1.38562
3021,2.55423
3022,5.07084
3023,1.76425
3024,1.88837
3025,1.83539
3026,1.47580
3027,1.93195
3028,1.03931
3029,1.14506
3030,1.35587
3031,1.20335
3032,1.37893
3033,1.43225
3034,1.45009
3035,1.20551
3036,1.13220
3037,2.94691
3038,1.52793
3039,2.17881
3040,1.23639
3041,1.34869
3042,2.14656
3043,1.97348
3044,1.17981
3045,1.38576
3046,1.65110
3047,1.20920
3048,1.15802
3049,1.22529
3050,1.37846
3051,1.11185
3052,1.07321
3053,1.14690
3054,1.12459
3055,1.13278
3056,0.98327
3057,1.82371
3058,1.76327
3059,1.73114
3060,1.18883
3061,4.27037
3062,5.64103
3063,1.22550
3064,1.44423
3065,5.89439
3066,6.14125
3067,3.04536
3068,1.14091
3069,2.95934
3070,1.79827
3071,1.40175
3072,1.70101
3073,1.44438
3074,1.65150
3075,1.19341
3076,1.20891
3077,2.66870
3078,4.36217
3079,1.10207
3080,2.27958
3081,4.64302
3082,1.01344
3083,1.65414
3084,1.39657
3085,1.17788
3086,1.55352
3087,1.08410
3088,1.27552
3089,1.26655
3090,1.37507
3091,0.98032
3092,1.09351
3093,1.96841
3094,1.55981
3095,1.27389
3096,1.16932
3097,2.25726
3098,2.52285
3099,1.79335
3100,1.57760
3101,1.69400
3102,3.45837
3103,1.06822
3104,1.18322
3105,3.25445
3106,4.84560
3107,1.91502
3108,1.79457
3109,2.58079
3110,3.53184
3111,1.18527
3112,1.98138
3113,2.37628
3114,2.08195
3115,1.71185
3116,2.18054
3117,1.99897
3118,2.35486
3119,2.55104
3120,1.45464
3121,1.56297
3122,2.13641
3123,1.11602
3124,1.05209
3125,2.54528
3126,2.46069
3127,2.30205
3128,1.50008
3129,2.71192
3130,1.73641
3131,2.01202
3132,1.56195
3133,1.68225
3134,11.54300
3135,1.96918
3136,1.34948
3137,2.18884
3138,1.74326
3139,1.41639
3140,1.38129
3141,2.79368
3142,4.80879
3143,1.43802
3144,2.91430
3145,5.91511
3146,4.30166
3147,6.38330
3148,1.79461
3149,1.82357
3150,3.46179
3151,1.11777
3152,1.62121
3153,1.55518
3154,1.36049
3155,1.41220
3156,1.26523
3157,6.78221
3158,4.56056
3159,1.93686
3160,1.74748
3161,3.46159
3162,4.15268
3163,1.06046
3164,1.31446
3165,2.27329
3166,1.87633
3167,2.19767
3168,2.22115
3169,1.93825
3170,1.50255
3171,2.88460
3172,1.02427
3173,1.55462
3174,2.70948
3175,1.43861
3176,1.35234
3177,1.29917
3178,2.19739
3179,0.99919
3180,1.43400
3181,1.25748
3182,2.85778
3183,1.36612
3184,1.44184
3185,2.23880
3186,2.60723
3187,1.29717
3188,1.31963
3189,3.21477
3190,4.16530
3191,1.14849
3192,2.35309
3193,4.27646
3194,3.35747
3195,2.81088
3196,1.58140
3197,1.57992
3198,2.47223
3199,1.12193
3200,1.08110
3201,1.64479
3202,2.90262
3203,1.22572
3204,1.87928
3205,2.26302
3206,2.21114
3207,1.33565
3208,1.15717
3209,2.99500
3210,4.52724
3211,5.83636
3212,1.78387
3213,1.71318
3214,1.37121
3215,1.91605
3216,1.26704
3217,2.23126
3218,1.45018
3219,1.81359
3220,1.92197
3221,1.81793
3222,3.16612
3223,1.46550
3224,1.65848
3225,1.48115
3226,1.39295
3227,1.01156
3228,1.22988
3229,1.29046
3230,2.09598
3231,1.62336
3232,1.22285
3233,1.53863
3234,1.67437
3235,2.98231
3236,1.09363
3237,1.75676
3238,2.08152
3239,1.30019
3240,1.30785
3241,7.23294
3242,2.64958
3243,3.18663
3244,1.53627
3245,2.41348
3246,2.99696
3247,1.04587
3248,1.21574
3249,1.75294
3250,2.86773
3251,1.22179
3252,1.27180
3253,2.60783
3254,2.31102
3255,1.51192
3256,1.50373
3257,1.52197
3258,3.78206
3259,1.37047
3260,1.09922
3261,1.22195
3262,1.67630
3263,1.12701
3264,1.18603
3265,2.48064
3266,2.65319
3267,2.99663
3268,1.41008
3269,1.59176
3270,1.88329
3271,1.03874
3272,1.14602
3273,2.32192
3274,3.99331
3275,2.06507
3276,2.27217
3277,2.29903
3278,4.18268
3279,1.42632
3280,1.35163
3281,3.09452
3282,4.86546
3283,1.05801
3284,2.05811
3285,2.05650
3286,3.19861
3287,1.50942
3288,1.29794
3289,3.83958
3290,3.23624
3291,1.33049
3292,1.67720
3293,1.43494
3294,1.71860
3295,1.49914
3296,1.36386
3297,13.45948
3298,12.94591
3299,5.42047
3300,1.26904
3301,2.70235
3302,5.06635
3303,1.41653
3304,1.84639
3305,1.69397
3306,3.11266
3307,1.19430
3308,1.50826
3309,1.03152
3310,3.64901
3311,1.84108
3312,1.91029
3313,1.86985
3314,1.94713
3315,1.99029
3316,1.20003
3317,1.32237
3318,1.41518
3319,0.98934
3320,1.25650
3321,1.70581
3322,5.17935
3323,1.98322
3324,1.30855
3325,5.24098
3326,11.91790
3327,1.47695
3328,1.46894
3329,2.07788
3330,1.33918
3331,1.11124
3332,1.46260
3333,1.28763
3334,1.67499
3335,1.58258
3336,1.43004
3337,1.18949
3338,2.11672
3339,1.32777
3340,1.35743
3341,1.46471
3342,2.03675
3343,1.17838
3344,1.04960
3345,2.09082
3346,2.22415
3347,1.54187
3348,1.60067
3349,3.55907
3350,3.97242
3351,3.60441
3352,1.87484
3353,1.83256
3354,3.42326
3355,1.98637
3356,1.27365
3357,1.90039
3358,1.87244
3359,1.25745
3360,1.22329
3361,1.27598
3362,1.78164
3363,1.11204
3364,1.29675
3365,2.60996
3366,4.04521
3367,3.29411
3368,1.60450
3369,3.05651
3370,3.66344
3371,1.00100
3372,1.28463
3373,1.52392
3374,2.46855
3375,1.00763
3376,1.04027
3377,1.07966
3378,1.81434
3379,0.99701
3380,1.02009
3381,3.12719
3382,1.99369
3383,2.30123
3384,1.28447
3385,1.46680
3386,2.03460
3387,0.99376
3388,1.11615
3389,3.18164
3390,1.92580
3391,1.99291
3392,1.37282
3393,3.63054
3394,1.42512
3395,1.90512
3396,1.77787
3397,2.13997
3398,2.15884
3399,1.18605
3400,1.11783
3401,1.00652
3402,1.00740
3403,5.42973
3404,1.00583
3405,2.09431
3406,1.48321
3407,1.36235
3408,1.29296
3409,1.58894
3410,1.82398
3411,1.87023
3412,1.30474
3413,1.78179
3414,2.34601
3415,1.51644
3416,1.32129
3417,9.17415
3418,3.99806
3419,4.77369
3420,2.09439
3421,1.57028
3422,1.13693
3423,1.23203
3424,1.14286
3425,4.60301
3426,9.16502
3427,4.87293
3428,1.66345
3429,1.61818
3430,2.64602
3431,2.77658
3432,1.21227
3433,1.82490
3434,2.57926
3435,2.61573
3436,1.33065
3437,2.15291
3438,3.95858
3439,1.96583
3440,2.88081
3441,1.02503
3442,1.02721
3443,5.02228
3444,1.02911
3445,1.83538
3446,1.45583
3447,2.09299
3448,1.43390
3449,1.40092
3450,2.33993
3451,1.65126
3452,1.51294
3453,2.06176
3454,1.71541
3455,1.73173
3456,1.49940
3457,3.09879
3458,3.96263
3459,6.56045
3460,1.46454
3461,5.08942
3462,2.32587
3463,3.33368
3464,1.12041
3465,1.63959
3466,3.17846
3467,1.58261
3468,1.44865
3469,1.59915
3470,1.58680
3471,2.43755
3472,1.14135
3473,1.59558
3474,2.75588
3475,1.54076
3476,1.10002
3477,1.33650
3478,2.31612
3479,1.61758
3480,1.18255
3481,3.43293
3482,3.76331
3483,2.95093
3484,2.10628
3485,2.17975
3486,2.51105
3487,2.23014
3488,1.27113
3489,1.03831
3490,1.00924
3491,2.96763
3492,1.09928
3493,1.82654
3494,2.76979
3495,1.00637
3496,1.13678
3497,2.17539
3498,4.41597
3499,0.99571
3500,1.88773
3501,2.63111
3502,8.73578
3503,1.40093
3504,1.61640
3505,15.31333
3506,5.01982
3507,2.53857
3508,10.11718
3509,1.98785
3510,2.68053
3511,2.57638
3512,1.46927
3513,3.13333
3514,3.54022
3515,2.36900
3516,1.84692
3517,1.64392
3518,2.10489
3519,1.40579
3520,1.39269
3521,1.69395
3522,1.33714
3523,1.00100
3524,1.48136
3525,1.61091
3526,1.74471
3527,6.64801
3528,1.02356
3529,1.99618
3530,1.30168
3531,1.17753
3532,1.08619
3533,1.41253
3534,2.34768
3535,1.16081
3536,1.08974
3537,2.19865
3538,2.11941
3539,2.67748
3540,1.51798
3541,2.29943
3542,1.71441
3543,3.47267
3544,1.55277
3545,1.65058
3546,2.33706
3547,1.74748
3548,1.50190
3549,1.79826
3550,1.90934
3551,1.04497
3552,1.17056
3553,2.10346
3554,2.57915
3555,1.89315
3556,1.33923
3557,1.52253
3558,2.61506
3559,2.34590
3560,1.54511
3561,1.82709
3562,1.68712
3563,2.54691
3564,1.16484
3565,1.03629
3566,1.67747
3567,1.05929
3568,1.06281
3569,2.55866
3570,4.70049
3571,1.83923
3572,1.14361
3573,1.28367
3574,1.46574
3575,1.43549
3576,0.97428
3577,1.93866
3578,5.29981
3579,1.11673
3580,1.92558
3581,1.48317
3582,1.89991
3583,1.31006
3584,1.78835
3585,6.89918
3586,1.36901
3587,2.07069
3588,1.63672
3589,3.13299
3590,5.93829
3591,1.78580
3592,1.63303
3593,2.14888
3594,3.97631
3595,1.38500
3596,1.37006
3597,1.50604
3598,1.66611
3599,1.14563
3600,1.10790
3601,1.36482
3602,1.39017
3603,1.02308
3604,1.44051
3605,1.37438
3606,1.83283
3607,1.06779
3608,1.27360
3609,2.99857
3610,3.30487
3611,2.27169
3612,1.67956
3613,1.87720
3614,2.92430
3615,1.63947
3616,1.32784
3617,1.44774
3618,1.36766
3619,1.32018
3620,1.10692
3621,2.27846
3622,2.73135
3623,1.00282
3624,1.45654
3625,2.07512
3626,5.85459
3627,1.00667
3628,1.46614
3629,1.52004
3630,1.31348
3631,1.39315
3632,1.22446
3633,1.73971
3634,4.54014
3635,1.71509
3636,1.33001
3637,2.61861
3638,3.40950
3639,1.18394
3640,2.90540
3641,1.68488
3642,3.24411
3643,1.30047
3644,1.42050
3645,3.05238
3646,4.68982
3647,3.23716
3648,2.25511
3649,2.15964
3650,3.81298
3651,2.69169
3652,1.49933
3653,1.09502
3654,2.33824
3655,1.53056
3656,1.08991
3657,2.86471
3658,13.06404
3659,2.02680
3660,1.43611
3661,1.84720
3662,2.62732
3663,1.17883
3664,1.17606
3665,1.90573
3666,1.82924
3667,1.71952
3668,1.25385
3669,1.45566
3670,2.51863
3671,1.38571
3672,1.14920
3673,1.96554
3674,4.05672
3675,1.13259
3676,1.34762
3677,1.00774
3678,1.41047
3679,4.74993
3680,1.61039
3681,3.07192
3682,3.52842
3683,1.40907
3684,1.65029
3685,2.14529
3686,3.51329
3687,1.41451
3688,1.29631
3689,2.67999
3690,6.70069
3691,1.30800
3692,0.39635
3693,1.90031
3694,3.47708
3695,1.64261
3696,1.23389
3697,1.45117
3698,2.94429
3699,1.71507
3700,1.64660
3701,2.31211
3702,5.66321
3703,1.25778
3704,1.51540
3705,2.14230
3706,1.86773
3707,1.61147
3708,1.58942
3709,3.15574
3710,3.49292
3711,1.61586
3712,1.42480
3713,1.99353
3714,1.95248
3715,2.51514
3716,1.10580
3717,2.30191
3718,3.18513
3719,1.56431
3720,1.27544
3721,1.92741
3722,3.38996
3723,1.25724
3724,1.27513
3725,2.32050
3726,3.98147
3727,2.95496
3728,1.59799
3729,5.24530
3730,1.32820
3731,2.58507
3732,1.20753
3733,3.21060
3734,1.83494
3735,3.27387
3736,1.61842
3737,2.82696
3738,3.56462
3739,1.96383
3740,1.49033
3741,1.27630
3742,2.14906
3743,1.44023
3744,1.22117
3745,2.57994
3746,1.49191
3747,2.18872
3748,1.19870
3749,1.77308
3750,1.70607
3751,2.53686
3752,1.71295
3753,4.83749
3754,3.62149
3755,2.02449
3756,1.75763
3757,2.86463
3758,3.04796
3759,1.18954
3760,1.80151
3761,5.61390
3762,2.99248
3763,2.25161
3764,2.08211
3765,1.82099
3766,2.00935
3767,1.24404
3768,1.18497
3769,10.21884
3770,16.65976
3771,8.19197
3772,2.17028
3773,5.34139
3774,2.23374
3775,1.90988
3776,1.31000
3777,2.76121
3778,2.41476
3779,1.48080
3780,1.34008
3781,1.78818
3782,3.75880
3783,1.29893
3784,1.48602
3785,1.79050
3786,4.28690
3787,7.33863
3788,3.20892
3789,1.54111
3790,2.36092
3791,1.71053
3792,1.20336
3793,2.15816
3794,2.70322
3795,1.47797
3796,1.67086
3797,2.61080
3798,3.82206
3799,1.55342
3800,1.37436
3801,1.95298
3802,2.22898
3803,1.17970
3804,1.39196
3805,1.80782
3806,1.76313
3807,0.97398
3808,1.01712
3809,1.37456
3810,2.02625
3811,1.12014
3812,1.17761
3813,2.95895
3814,11.22736
3815,4.37836
3816,2.58751
3817,1.98726
3818,1.59502
3819,1.76033
3820,1.69269
3821,1.22663
3822,1.21787
3823,1.31109
3824,1.11986
3825,2.85895
3826,5.06084
3827,3.76742
3828,3.46552
3829,2.19869
3830,3.34628
3831,1.51238
3832,1.99821
3833,5.37482
3834,2.68448
3835,1.32647
3836,1.85535
3837,2.09016
3838,1.87054
3839,1.84966
3840,1.34104
3841,4.05841
3842,3.22425
3843,1.15351
3844,1.50529
3845,1.87692
3846,2.33298
3847,1.13061
3848,1.75638
3849,1.60836
3850,2.30112
3851,2.11183
3852,1.30533
3853,2.59038
3854,1.86102
3855,2.17174
3856,1.29366
3857,2.16280
3858,4.43618
3859,1.96732
3860,1.91658
3861,1.96839
3862,2.41327
3863,1.38313
3864,1.37976
3865,3.76807
3866,22.75152
3867,4.65374
3868,1.38495
3869,1.70803
3870,2.17049
3871,1.02788
3872,1.41089
3873,1.77266
3874,2.47180
3875,3.97993
3876,1.28809
3877,1.28401
3878,1.91294
3879,7.91329
3880,1.40463
3881,1.48786
3882,3.73121
3883,1.11244
3884,1.30319
3885,2.07096
3886,1.48024
3887,1.20022
3888,1.74934
3889,1.81635
3890,1.70823
3891,1.35463
3892,1.30631
3893,1.77297
3894,1.87402
3895,1.31154
3896,1.52551
3897,3.05492
3898,3.49893
3899,1.24825
3900,2.89791
3901,2.26312
3902,3.11995
3903,1.65663
3904,1.55981
3905,2.66119
3906,2.90078
3907,2.10628
3908,1.57719
3909,1.65278
3910,2.45399
3911,3.33578
3912,1.67681
3913,1.48534
3914,2.16668
3915,1.25711
3916,1.15760
3917,1.22354
3918,1.25021
3919,1.19418
3920,1.20806
3921,1.27867
3922,2.19569
3923,1.07665
3924,1.31177
3925,2.25695
3926,1.37742
3927,1.42399
3928,1.39605
3929,1.40549
3930,1.73273
3931,1.02347
3932,1.30807
3933,2.85264
3934,5.31431
3935,1.32868
3936,1.63081
3937,1.64250
3938,1.18129
3939,7.24882
3940,1.10854
3941,1.34868
3942,2.29839
3943,1.55221
3944,1.12346
3945,1.99610
3946,3.54395
3947,1.44963
3948,1.56168
3949,1.95537
3950,2.86738
3951,2.49773
3952,1.38488
3953,3.41668
3954,3.47417
3955,1.71445
3956,1.25148
3957,1.21000
3958,2.55197
3959,1.00174
3960,1.29334
3961,1.88242
3962,1.54203
3963,1.18228
3964,1.54315
3965,1.77048
3966,2.52394
3967,1.42549
3968,1.14986
3969,1.60076
3970,2.83296
3971,1.30682
3972,1.80849
3973,1.18939
3974,1.26996
3975,1.04374
3976,1.12890
3977,1.71882
3978,2.88673
3979,1.81294
3980,1.43043
3981,1.48506
3982,2.30964
3983,1.04738
3984,1.25616
3985,1.67121
3986,2.34124
3987,1.45522
3988,1.26767
3989,1.90900
3990,1.94786
3991,1.61358
3992,1.36887
3993,1.35447
3994,1.43956
3995,1.33722
3996,1.09595
3997,1.58637
3998,2.20738
3999,1.63218
4000,1.30759
4001,3.37029
4002,14.67051
4003,7.99002
4004,1.01950
4005,1.36248
4006,2.10404
4007,1.17902
4008,1.39701
4009,1.63540
4010,1.29211
4011,2.11849
4012,1.49938
4013,1.57565
4014,2.90778
4015,1.20583
4016,1.22303
4017,3.11707
4018,6.04447
4019,1.16512
4020,1.61628
4021,1.27608
4022,2.47519
4023,1.31065
4024,1.17972
4025,2.19419
4026,3.07931
4027,1.32663
4028,1.58345
4029,1.92004
4030,1.69449
4031,1.52025
4032,1.29151
4033,1.48567
4034,2.40256
4035,1.61886
4036,1.27881
4037,1.37454
4038,1.75818
4039,0.97869
4040,1.02764
4041,1.42382
4042,1.32496
4043,1.13617
4044,1.15199
4045,1.25372
4046,1.31862
4047,0.99518
4048,1.05329
4049,2.02098
4050,4.35329
4051,8.13477
4052,1.27349
4053,1.35632
4054,2.54746
4055,1.19158
4056,1.23451
4057,1.89270
4058,1.50072
4059,1.48994
4060,1.15962
4061,1.85508
4062,2.22075
4063,1.18147
4064,1.60934
4065,1.39505
4066,2.07755
4067,1.31469
4068,1.08612
4069,1.48664
4070,2.05903
4071,1.54133
4072,1.05760
4073,1.65934
4074,2.28313
4075,1.96873
4076,1.37926
4077,2.19018
4078,1.86412
4079,1.43494
4080,1.67600
4081,2.05437
4082,1.89419
4083,2.14797
4084,1.27597
4085,1.57992
4086,2.28909
4087,1.02313
4088,1.25004
4089,1.40443
4090,2.04219
4091,1.18128
4092,1.18436
4093,1.69781
4094,2.70526
4095,1.34254
4096,1.32045
4097,1.49704
4098,3.17830
4099,2.96472
4100,1.32911
4101,1.37653
4102,2.14031
4103,1.38576
4104,1.19739
4105,1.52595
4106,1.91182
4107,1.53635
4108,1.32790
4109,1.31186
4110,2.17039
4111,1.20830
4112,1.11439
4113,2.27771
4114,1.96565
4115,3.76837
4116,1.51946
4117,3.08744
4118,3.74961
4119,2.59484
4120,2.11444
4121,1.39832
4122,2.46815
4123,1.14430
4124,1.21980
4125,1.57851
4126,3.31237
4127,1.33686
4128,1.48208
4129,1.56048
4130,1.81255
4131,2.96783
4132,1.87989
4133,2.91895
4134,6.70831
4135,4.89786
4136,1.94430
4137,1.67572
4138,2.40687
4139,1.47594
4140,1.38569
4141,2.35390
4142,1.85073
4143,2.37098
4144,1.59063
4145,4.30267
4146,6.91768
4147,5.24452
4148,1.41006
4149,1.98804
4150,5.17642
4151,1.44687
4152,1.52475
4153,1.89810
4154,1.96502
4155,1.59337
4156,1.45952
4157,1.19345
4158,1.42997
4159,1.10818
4160,1.05461
4161,2.28587
4162,2.71873
4163,1.20010
4164,2.52538
4165,1.56157
4166,1.31255
4167,1.23661
4168,1.19963
4169,2.32165
4170,1.37908
4171,1.31127
4172,1.54414
4173,2.19059
4174,3.72812
4175,1.28624
4176,1.56059
4177,1.60279
4178,7.77354
4179,1.81673
4180,1.22676
4181,3.73621
4182,5.60643
4183,1.98552
4184,1.89861
4185,2.37935
4186,4.03865
4187,1.21206
4188,1.25223
4189,1.28248
4190,3.02779
4191,1.00053
4192,1.24922
4193,1.80553
4194,1.30172
4195,1.16176
4196,1.50991
4197,2.68850
4198,1.62984
4199,2.37447
4200,1.20732
4201,1.88894
4202,1.68012
4203,2.31305
4204,1.16283
4205,1.19229
4206,1.83802
4207,1.11540
4208,1.53961
4209,2.83404
4210,2.64739
4211,1.69765
4212,1.43784
4213,6.84318
4214,5.29216
4215,1.64095
4216,1.25214
4217,2.08119
4218,1.87005
4219,2.23394
4220,1.31170
4221,2.14999
4222,1.92015
4223,1.06743
4224,1.24275
4225,3.58913
4226,3.02425
4227,0.99433
4228,1.36079
4229,2.40712
4230,1.88112
4231,2.94473
4232,1.37685
4233,1.34706
4234,2.29104
4235,1.05036
4236,1.12506
4237,1.65873
4238,2.12730
4239,1.19749
4240,1.08051
4241,1.23098
4242,2.12184
4243,1.64949
4244,1.24153
4245,1.59968
4246,10.43873
4247,3.31196
4248,1.23930
4249,5.23167
4250,7.84802
4251,1.46839
4252,1.76168
4253,1.70956
4254,2.24511
4255,1.15966
4256,1.30647
4257,1.59921
4258,1.97433
4259,1.97868
4260,1.42682
4261,3.12830
4262,5.18893
4263,1.51183
4264,1.30935
4265,1.72268
4266,1.91718
4267,1.53285
4268,1.39596
4269,1.98459
4270,2.70992
4271,1.66453
4272,1.50617
4273,2.21474
4274,2.50949
4275,2.33762
4276,1.60748
4277,4.51979
4278,11.22330
4279,3.51560
4280,7.90459
4281,2.50030
4282,2.01771
4283,1.00428
4284,1.34829
4285,1.27613
4286,1.78915
4287,1.16198
4288,0.99945
4289,1.49274
4290,6.00569
4291,1.48408
4292,1.54993
4293,1.87876
4294,4.18951
4295,2.39480
4296,1.33083
4297,1.37473
4298,1.05484
4299,1.40947
4300,1.47576
4301,2.37179
4302,2.63884
4303,2.27959
4304,1.33152
4305,1.41240
4306,2.75586
4307,1.12114
4308,1.22701
4309,1.83949
4310,2.76969
4311,1.88341
4312,1.29431
4313,1.55384
4314,3.66524
4315,1.21047
4316,1.32855
4317,3.04628
4318,6.85794
4319,1.46500
4320,1.26594
4321,8.24647
4322,4.99527
4323,1.13219
4324,1.52747
4325,1.63028
4326,2.50307
4327,1.31114
4328,1.25352
4329,2.43418
4330,4.44683
4331,4.98435
4332,1.31124
4333,2.05220
4334,1.74745
4335,1.34670
4336,1.28576
4337,3.16546
4338,2.91334
4339,1.82191
4340,2.16055
4341,2.21995
4342,2.07245
4343,1.50745
4344,1.04740
4345,3.99720
4346,4.92805
4347,5.38643
4348,1.56829
4349,5.30616
4350,3.99946
4351,4.04906
4352,1.81069
4353,1.58833
4354,1.59882
4355,1.45331
4356,1.46239
4357,1.03671
4358,1.94574
4359,6.24657
4360,1.00865
4361,1.50455
4362,1.25392
4363,1.94014
4364,1.09171
4365,3.51230
4366,7.33583
4367,1.21525
4368,1.76623
4369,4.83525
4370,4.11948
4371,2.59872
4372,1.91964
4373,1.41414
4374,2.12647
4375,1.14443
4376,1.30753
4377,1.16258
4378,4.22394
4379,2.24103
4380,1.50657
4381,1.49719
4382,3.91382
4383,2.19137
4384,0.98298
4385,2.14541
4386,3.16754
4387,1.98123
4388,1.17987
4389,1.60667
4390,3.27601
4391,2.57658
4392,2.11552
4393,2.16298
4394,4.05820
4395,1.11520
4396,1.54531
4397,2.90177
4398,5.08537
4399,1.45057
4400,1.81313
4401,1.67302
4402,1.70783
4403,3.31287
4404,1.32853
4405,2.15592
4406,1.50849
4407,1.83996
4408,1.21444
4409,1.08059
4410,1.37440
4411,1.21079
4412,1.13874
4413,1.32276
4414,2.29847
4415,1.41807
4416,1.35090
4417,5.14545
4418,6.08078
4419,1.42826
4420,2.10222
4421,1.46863
4422,2.98977
4423,1.16177
4424,1.35066
4425,1.30906
4426,5.79723
4427,1.17392
4428,1.46423
4429,1.24561
4430,1.74641
4431,1.21150
4432,1.27351
4433,1.45125
4434,3.90575
4435,1.25937
4436,1.26350
4437,2.39092
4438,2.48820
4439,1.37748
4440,1.55609
4441,1.07369
4442,1.38082
4443,1.29429
4444,1.25414
4445,1.99179
4446,2.20747
4447,0.99249
4448,1.50207
4449,2.15576
4450,1.84474
4451,2.03513
4452,1.17453
4453,1.75539
4454,1.63689
4455,1.20301
4456,1.21256
4457,2.33747
4458,5.62065
4459,2.48872
4460,1.19918
4461,2.91341
4462,2.13837
4463,1.73342
4464,1.12504
4465,10.26948
4466,1.85072
4467,2.54426
4468,1.62735
4469,3.09135
4470,4.28949
4471,1.52017
4472,1.76473
4473,2.53104
4474,4.86439
4475,3.82324
4476,2.15339
4477,1.67091
4478,1.69544
4479,2.09357
4480,1.25084
4481,1.64021
4482,1.69209
4483,2.38145
4484,1.29277
4485,1.29169
4486,1.26623
4487,1.02142
4488,1.01651
4489,1.39421
4490,1.12476
4491,1.56283
4492,0.99544
4493,1.87119
4494,2.76596
4495,1.55702
4496,1.51288
4497,1.32294
4498,2.33207
4499,1.32046
4500,1.22051
4501,1.45467
4502,2.11535
4503,1.23288
4504,1.14563
4505,1.34337
4506,1.82623
4507,1.31217
4508,1.08645
4509,3.16942
4510,2.48034
4511,3.23599
4512,1.52331
4513,3.31086
4514,3.02341
4515,1.67159
4516,1.71554
4517,1.27546
4518,1.52277
4519,1.06083
4520,1.05419
4521,1.85674
4522,1.95862
4523,1.24681
4524,1.11072
4525,1.26583
4526,1.33080
4527,1.56960
4528,1.13002
4529,2.26482
4530,3.82380
4531,1.66641
4532,1.48836
4533,1.24851
4534,1.53825
4535,1.39815
4536,1.15537
4537,1.14649
4538,1.26481
4539,1.19205
4540,1.13007
4541,2.14254
4542,2.71640
4543,1.49245
4544,1.28513
4545,1.10270
4546,1.27051
4547,1.06352
4548,1.21798
4549,3.19859
4550,2.32167
4551,1.94586
4552,1.64396
4553,3.38603
4554,2.57600
4555,2.73216
4556,1.30429
4557,1.51157
4558,1.41282
4559,1.24862
4560,1.30468
4561,2.63161
4562,3.26166
4563,1.73454
4564,0.50107
4565,1.26637
4566,3.20637
4567,1.56322
4568,1.24586
4569,0.99363
4570,1.64949
4571,1.07086
4572,1.29417
4573,2.72470
4574,3.34063
4575,1.21490
4576,1.29210
4577,1.30923
4578,1.18830
4579,1.29345
4580,0.81607
4581,1.53090
4582,1.83789
4583,1.44876
4584,1.25687
4585,1.74596
4586,3.18469
4587,1.50191
4588,1.49832
4589,1.41863
4590,1.47598
4591,1.12791
4592,1.08912
4593,2.96947
4594,3.33903
4595,3.44052
4596,1.33655
4597,3.23518
4598,1.73922
4599,2.66900
4600,1.20107
4601,1.85925
4602,3.75286
4603,2.03064
4604,1.27611
4605,2.87157
4606,2.69962
4607,4.84175
4608,1.39445
4609,1.85802
4610,4.12313
4611,1.30204
4612,1.39346
4613,1.68742
4614,1.63066
4615,1.55521
4616,1.20773
4617,1.33906
4618,1.59613
4619,1.00348
4620,1.13229
4621,1.88100
4622,2.78457
4623,1.87592
4624,1.32095
4625,1.34859
4626,1.69470
4627,1.15081
4628,1.32812
4629,1.77167
4630,4.04494
4631,2.32969
4632,1.26251
4633,1.33764
4634,1.68620
4635,1.23620
4636,1.07434
4637,2.55356
4638,1.99154
4639,1.87869
4640,1.51066
4641,1.82639
4642,2.10331
4643,1.40468
4644,1.68402
4645,1.72773
4646,1.81382
4647,1.23424
4648,1.21003
4649,2.17734
4650,5.03910
4651,1.48413
4652,1.49391
4653,2.11145
4654,3.32209
4655,1.21541
4656,1.13033
4657,1.83803
4658,2.00147
4659,2.86732
4660,1.35758
4661,2.90535
4662,5.92724
4663,2.69148
4664,1.53690
4665,1.41996
4666,1.59500
4667,1.67125
4668,1.25246
4669,1.42970
4670,3.18677
4671,1.31367
4672,1.83771
4673,2.55266
4674,1.03850
4675,1.89382
4676,1.14774
4677,2.27687
4678,2.10317
4679,1.79762
4680,1.25568
4681,2.48789
4682,1.49187
4683,2.36493
4684,1.45203
4685,1.94545
4686,2.40650
4687,1.17120
4688,1.49179
4689,1.54524
4690,2.53186
4691,1.15671
4692,1.28427
4693,1.33225
4694,1.51563
4695,3.87334
4696,1.37500
4697,4.14258
4698,5.62680
4699,2.96389
4700,1.27169
4701,3.49786
4702,3.21493
4703,2.56004
4704,1.65098
4705,2.72791
4706,3.01283
4707,1.44515
4708,1.97216
4709,3.23121
4710,5.48001
4711,2.33297
4712,1.52128
4713,1.35649
4714,2.41355
4715,1.58234
4716,1.07122
4717,3.95521
4718,4.01339
4719,1.11373
4720,1.72310
4721,10.31892
4722,9.07222
4723,6.47928
4724,1.84144
4725,2.24801
4726,2.31659
4727,1.68315
4728,1.44619
4729,1.70921
4730,3.27524
4731,0.99630
4732,1.46230
4733,1.08089
4734,13.18051
4735,4.97743
4736,1.11092
4737,1.57966
4738,2.91621
4739,1.14240
4740,1.44148
4741,2.26581
4742,3.84235
4743,1.02101
4744,1.49206
4745,2.96237
4746,6.14803
4747,1.82812
4748,2.62649
4749,1.28826
4750,1.43556
4751,1.02864
4752,1.19767
4753,3.47932
4754,3.19923
4755,2.65738
4756,1.39742
4757,1.33146
4758,2.15487
4759,0.98505
4760,1.34989
4761,3.20588
4762,2.06896
4763,2.49388
4764,1.34750
4765,1.56076
4766,1.81874
4767,1.70266
4768,1.10398
4769,1.55657
4770,2.36852
4771,1.41699
4772,1.58919
4773,1.05777
4774,1.23709
4775,1.41460
4776,0.92497
4777,1.32575
4778,2.48589
4779,1.72814
4780,1.00055
4781,1.27228
4782,1.17961
4783,1.21192
4784,1.12091
4785,2.85820
4786,1.60078
4787,1.57122
4788,1.39771
4789,2.12798
4790,3.10981
4791,1.51958
4792,1.29124
4793,1.56910
4794,1.49381
4795,1.08238
4796,1.41011
4797,1.45842
4798,1.81819
4799,1.19374
4800,1.54261
4801,1.43796
4802,1.80061
4803,1.00100
4804,1.29885
4805,1.25873
4806,1.16705
4807,1.06996
4808,1.02364
4809,1.34352
4810,1.74099
4811,1.40022
4812,1.06641
4813,1.17316
4814,1.47257
4815,1.15800
4816,1.13042
4817,0.98612
4818,1.44046
4819,1.20968
4820,0.90003
4821,1.41056
4822,1.52555
4823,2.58061
4824,1.11714
4825,1.63309
4826,3.57347
4827,1.39278
4828,1.42022
4829,1.32096
4830,1.43066
4831,1.51841
4832,1.17496
4833,1.34286
4834,1.42709
4835,1.01431
4836,1.24418
4837,1.16090
4838,1.15707
4839,1.08510
4840,0.98949
4841,2.05519
4842,4.54267
4843,1.21106
4844,1.40354
4845,2.60671
4846,2.07505
4847,2.37669
4848,1.32940
4849,1.12440
4850,1.55324
4851,1.17299
4852,1.09241
4853,1.71442
4854,1.79236
4855,1.86207
4856,1.19609
4857,2.17820
4858,2.26321
4859,1.13859
4860,1.06497
4861,1.26521
4862,2.28608
4863,1.50572
4864,1.23905
4865,1.73354
4866,1.19894
4867,1.36151
4868,1.08681
4869,1.58164
4870,2.40429
4871,1.35748
4872,1.47438
4873,1.75283
4874,2.43122
4875,1.02021
4876,1.43637
4877,1.54930
4878,2.38549
4879,1.23330
4880,1.13752
4881,1.17989
4882,1.55299
4883,1.13065
4884,1.27837
4885,1.49343
4886,2.13106
4887,1.01045
4888,1.33521
4889,3.05591
4890,3.30316
4891,1.15734
4892,2.90078
4893,1.44980
4894,1.61917
4895,1.16985
4896,1.16646
4897,1.89013
4898,2.25230
4899,1.39102
4900,1.03344
4901,1.76741
4902,2.12734
4903,1.20302
4904,1.07751
4905,1.59066
4906,1.81485
4907,2.09824
4908,1.23477
4909,3.42532
4910,2.45072
4911,1.46997
4912,1.78857
4913,1.74362
4914,3.74445
4915,3.15466
4916,1.64617
4917,1.48508
4918,2.42090
4919,1.97151
4920,1.13303
4921,1.38218
4922,2.55253
4923,1.49172
4924,1.22467
4925,1.06732
4926,0.90980
4927,1.02353
4928,0.96661
4929,1.50230
4930,1.60282
4931,1.32549
4932,1.22977
4933,2.19438
4934,3.90511
4935,3.75555
4936,1.39815
4937,1.62236
4938,1.31162
4939,1.58540
4940,0.89392
4941,1.12984
4942,1.40970
4943,1.16158
4944,1.00808
4945,2.02877
4946,3.84962
4947,1.11854
4948,1.84980
4949,1.52851
4950,1.22601
4951,1.54380
4952,1.11583
4953,1.37351
4954,1.46994
4955,1.36868
4956,1.35421
4957,2.92140
4958,3.54602
4959,3.06361
4960,1.29572
4961,2.19631
4962,2.21596
4963,1.55082
4964,1.56321
4965,1.42255
4966,6.68730
4967,3.24739
4968,1.09827
4969,1.61851
4970,2.07356
4971,1.46806
4972,1.43109
4973,4.72224
4974,4.60708
4975,10.09754
4976,1.77861
4977,7.28801
4978,2.67779
4979,5.84174
4980,2.19147
4981,1.57582
4982,1.46144
4983,1.40514
4984,1.26655
4985,2.14165
4986,2.58122
4987,1.02990
4988,2.81302
4989,2.21829
4990,2.25675
4991,1.31322
4992,1.63208
4993,2.41354
4994,2.43829
4995,1.17188
4996,1.44892
4997,1.59954
4998,2.28019
4999,1.18136
5000,1.23071
5001,1.25484
5002,1.36166
5003,1.31404
5004,1.33411
5005,1.52960
5006,1.96005
5007,1.15264
5008,1.19169
5009,2.69884
5010,2.19449
5011,3.17966
5012,1.21538
5013,1.50033
5014,1.68134
5015,1.20980
5016,1.18945
5017,1.49488
5018,2.44842
5019,1.96062
5020,1.37127
5021,1.57278
5022,1.97187
5023,1.07804
5024,1.21554
5025,1.57616
5026,1.73866
5027,1.78702
5028,1.23220
5029,1.21665
5030,1.54667
5031,1.09498
5032,1.18099
5033,1.18655
5034,1.77684
5035,1.15188
5036,1.15223
5037,1.46889
5038,1.47383
5039,1.12770
5040,1.06641
5041,1.72821
5042,4.17739
5043,1.32878
5044,1.38680
5045,1.90939
5046,2.41617
5047,1.14654
5048,1.31402
5049,3.09844
5050,2.14934
5051,2.58190
5052,1.40026
5053,1.43099
5054,2.05457
5055,1.33752
5056,1.05398
5057,2.52113
5058,7.69289
5059,2.00335
5060,1.42952
5061,1.59910
5062,3.69677
5063,1.31271
5064,1.84340
5065,1.12038
5066,3.13823
5067,1.03061
5068,1.43189
5069,1.09708
5070,1.25924
5071,1.06586
5072,0.91098
5073,1.04399
5074,1.13943
5075,1.33614
5076,0.95225
5077,4.02108
5078,3.38418
5079,3.82877
5080,1.25697
5081,2.90886
5082,2.01116
5083,3.72559
5084,1.44058
5085,2.06660
5086,2.65405
5087,2.09949
5088,1.55197
5089,1.44956
5090,2.70654
5091,1.18726
5092,1.43512
5093,1.35801
5094,1.95980
5095,1.31446
5096,1.42768
5097,1.88768
5098,2.92826
5099,2.04575
5100,1.13371
5101,1.30709
5102,2.07521
5103,1.05976
5104,1.05391
5105,1.32337
5106,1.68982
5107,1.12339
5108,1.12541
5109,1.27959
5110,3.47919
5111,1.03710
5112,1.15925
5113,1.80353
5114,2.05257
5115,1.13897
5116,1.19885
5117,1.42731
5118,2.18892
5119,1.15235
5120,1.12886
5121,1.30816
5122,2.31275
5123,1.09783
5124,1.35325
5125,2.66483
5126,2.14106
5127,1.50565
5128,1.42132
5129,2.16592
5130,9.60620
5131,3.38515
5132,2.00386
5133,1.66153
5134,2.38199
5135,1.22223
5136,1.28807
5137,1.43024
5138,1.66134
5139,1.03685
5140,1.25068
5141,1.74359
5142,2.72587
5143,1.22398
5144,1.57572
5145,1.62479
5146,1.45849
5147,1.17587
5148,1.16048
5149,2.03263
5150,2.38160
5151,3.41559
5152,1.55039
5153,2.30259
5154,2.18666
5155,2.03556
5156,1.25118
5157,1.29068
5158,1.43365
5159,1.25843
5160,1.24027
5161,5.76522
5162,6.18367
5163,1.24486
5164,3.08391
5165,0.84158
5166,1.53888
5167,1.54380
5168,0.82555
5169,1.24032
5170,2.25602
5171,1.19659
5172,1.07780
5173,2.98547
5174,2.45410
5175,1.09875
5176,1.44479
5177,1.62316
5178,2.84583
5179,1.05974
5180,1.30195
5181,1.25717
5182,2.74383
5183,1.15989
5184,1.66562
5185,1.22956
5186,3.17656
5187,1.02133
5188,1.20030
5189,1.45323
5190,1.11960
5191,1.52623
5192,1.30089
5193,1.26955
5194,2.26408
5195,1.28195
5196,1.23713
5197,1.16311
5198,1.95866
5199,1.18010
5200,1.30533
5201,1.34583
5202,1.47745
5203,1.15250
5204,1.19683
5205,1.35827
5206,1.79090
5207,1.04732
5208,1.10811
5209,1.41018
5210,3.80472
5211,1.63256
5212,1.45271
5213,1.29216
5214,1.89059
5215,1.20182
5216,1.08760
5217,1.49623
5218,2.94468
5219,1.11869
5220,1.27398
5221,1.22097
5222,1.89775
5223,1.01719
5224,1.15420
5225,1.35483
5226,1.84396
5227,1.16424
5228,1.17596
5229,1.08734
5230,1.61646
5231,1.00044
5232,1.28651
5233,1.92550
5234,3.57342
5235,1.00362
5236,1.23887
5237,1.66480
5238,1.42691
5239,1.19363
5240,1.17967
5241,1.60375
5242,1.55180
5243,1.24584
5244,1.13582
5245,2.07742
5246,3.45110
5247,4.32695
5248,1.11479
5249,1.42856
5250,1.68935
5251,1.16485
5252,1.28095
5253,1.22521
5254,2.37561
5255,1.11510
5256,1.28300
5257,2.12770
5258,2.39922
5259,1.34313
5260,1.24269
5261,1.44454
5262,1.64058
5263,1.34869
5264,1.13363
5265,1.26685
5266,2.37581
5267,1.29682
5268,1.32595
5269,1.37179
5270,2.79393
5271,1.52282
5272,1.11434
5273,1.60650
5274,2.90198
5275,1.25910
5276,1.17943
5277,1.41263
5278,2.13418
5279,1.04836
5280,1.73820
5281,1.84113
5282,1.69204
5283,1.04005
5284,1.06985
5285,2.87391
5286,3.13400
5287,1.18282
5288,1.35900
5289,1.65785
5290,4.21644
5291,1.31303
5292,1.26819
5293,2.05180
5294,7.65059
5295,1.50387
5296,1.45347
5297,1.99048
5298,2.65112
5299,2.35126
5300,1.58968
5301,1.68261
5302,2.38512
5303,1.23933
5304,1.40676
5305,1.63556
5306,1.61706
5307,1.89929
5308,1.27019
5309,1.51965
5310,2.53866
5311,1.49988
5312,1.23158
5313,2.46955
5314,3.86880
5315,1.64333
5316,1.24491
5317,1.73248
5318,1.48272
5319,2.38389
5320,1.40134
5321,1.96174
5322,1.54080
5323,1.48297
5324,1.31465
5325,1.18542
5326,1.40779
5327,1.02602
5328,1.16550
5329,1.80792
5330,2.89065
5331,3.37426
5332,1.24278
5333,1.54097
5334,1.97827
5335,1.12459
5336,1.29789
5337,1.71037
5338,1.57004
5339,1.33641
5340,1.35917
5341,2.05305
5342,2.75134
5343,1.11217
5344,1.27633
5345,2.67669
5346,4.49181
5347,1.29615
5348,2.33536
5349,2.21431
5350,2.83468
5351,1.26122
5352,1.21505
5353,1.92416
5354,1.68501
5355,1.13072
5356,1.41384
5357,2.40872
5358,4.46525
5359,1.00462
5360,1.75682
5361,2.13723
5362,2.38135
5363,1.14637
5364,1.29091
5365,1.91738
5366,1.63806
5367,1.66418
5368,1.50290
5369,3.04311
5370,2.19946
5371,1.27982
5372,1.41943
5373,3.94163
5374,12.02075
5375,1.41758
5376,1.89808
5377,1.64668
5378,3.89827
5379,1.08773
5380,1.41545
5381,1.54187
5382,1.83383
5383,1.27766
5384,1.48314
5385,2.26600
5386,2.49686
5387,4.24473
5388,1.32078
5389,1.24992
5390,2.24618
5391,1.25343
5392,1.50018
5393,3.55314
5394,5.14337
5395,1.61209
5396,1.48005
5397,1.58103
5398,1.84331
5399,1.02832
5400,1.37577
5401,1.43605
5402,1.66842
5403,2.38844
5404,1.27109
5405,1.84486
5406,1.72152
5407,1.07553
5408,1.15077
5409,1.37117
5410,1.35027
5411,1.38601
5412,1.25799
5413,1.74622
5414,1.64775
5415,1.53357
5416,1.38438
5417,1.39009
5418,1.37005
5419,1.26857
5420,1.01956
5421,1.49745
5422,1.55038
5423,1.19554
5424,1.10385
5425,1.53386
5426,1.80012
5427,1.71316
5428,1.16113
5429,1.79713
5430,1.95171
5431,1.85660
5432,1.74049
5433,2.12031
5434,1.57196
5435,1.42933
5436,1.25417
5437,2.90859
5438,2.89927
5439,1.16084
5440,0.63305
5441,1.93432
5442,1.77644
5443,1.54367
5444,1.21462
5445,1.06738
5446,1.62430
5447,1.21010
5448,1.03981
5449,3.40483
5450,3.85533
5451,1.01746
5452,1.22984
5453,3.15825
5454,2.04282
5455,3.02021
5456,1.60303
5457,1.68411
5458,2.62183
5459,1.15123
5460,1.36375
5461,1.24905
5462,1.44231
5463,1.34709
5464,0.88886
5465,1.11987
5466,2.30001
5467,1.43274
5468,1.09947
5469,1.88482
5470,3.39761
5471,1.41923
5472,1.50936
5473,6.04996
5474,6.08446
5475,3.24128
5476,1.28015
5477,1.26411
5478,1.43500
5479,1.28129
5480,1.28120
5481,2.82396
5482,3.18309
5483,1.04727
5484,1.77044
5485,1.67403
5486,3.43553
5487,2.26169
5488,1.39069
5489,2.04904
5490,2.66716
5491,2.23839
5492,1.03812
5493,1.42056
5494,1.82777
5495,1.39243
5496,1.28451
5497,1.46369
5498,1.82126
5499,1.65705
5500,1.41281
5501,1.65541
5502,1.96365
5503,1.51119
5504,1.76319
5505,2.16674
5506,1.96605
5507,1.53983
5508,1.50143
5509,1.31493
5510,2.04274
5511,0.96447
5512,1.15465
5513,1.20442
5514,1.25173
5515,1.26967
5516,1.04671
5517,2.07961
5518,1.55941
5519,2.23986
5520,0.98774
5521,1.55769
5522,1.19901
5523,1.18676
5524,1.17853
5525,3.46944
5526,2.80464
5527,1.54691
5528,1.30293
5529,1.46785
5530,2.23276
5531,3.16310
5532,1.29054
5533,2.00088
5534,1.82994
5535,1.86262
5536,1.22866
5537,1.41684
5538,1.41178
5539,1.37309
5540,1.31473
5541,1.33026
5542,1.42046
5543,1.51950
5544,1.16990
5545,4.15206
5546,7.99123
5547,2.68904
5548,1.59298
5549,1.20290
5550,1.45957
5551,1.06967
5552,1.16895
5553,1.93421
5554,2.96801
5555,2.07077
5556,1.42248
5557,1.52888
5558,2.83089
5559,1.09639
5560,2.28484
5561,1.58621
5562,4.39275
5563,1.18554
5564,1.55413
5565,1.53210
5566,2.74765
5567,1.20341
5568,1.23115
5569,1.63854
5570,2.07841
5571,1.22953
5572,1.56137
5573,2.60821
5574,5.97600
5575,1.37852
5576,1.37195
5577,2.11612
5578,1.62987
5579,1.06834
5580,1.31250
5581,1.39939
5582,2.11615
5583,1.65620
5584,1.53626
5585,1.33937
5586,1.24277
5587,0.85267
5588,0.85197
5589,1.55281
5590,1.28931
5591,1.02907
5592,1.62130
5593,1.87291
5594,1.44316
5595,1.58388
5596,1.37454
5597,1.68412
5598,2.09903
5599,1.76362
5600,1.50817
5601,1.37241
5602,1.49969
5603,1.49001
5604,1.15321
5605,1.59639
5606,1.63075
5607,1.23494
5608,1.12134
5609,1.64837
5610,2.32146
5611,1.43284
5612,1.22667
5613,1.77282
5614,1.84082
5615,1.25108
5616,1.48810
5617,1.51773
5618,1.77137
5619,1.04530
5620,0.99432
5621,2.51384
5622,4.97540
5623,2.02372
5624,1.52516
5625,1.47726
5626,1.62081
5627,1.20289
5628,1.16114
5629,1.43482
5630,2.55769
5631,1.89626
5632,1.57270
5633,2.56967
5634,2.86377
5635,1.65362
5636,1.24030
5637,2.75496
5638,3.29542
5639,1.84841
5640,3.29311
5641,2.56232
5642,3.64250
5643,1.16875
5644,1.68333
5645,1.50619
5646,1.48213
5647,1.21488
5648,1.20139
5649,1.44740
5650,1.35951
5651,1.00317
5652,1.38724
5653,1.21111
5654,1.78001
5655,1.19019
5656,1.14778
5657,1.24230
5658,2.02386
5659,1.50071
5660,1.13501
5661,2.80851
5662,2.10980
5663,1.65820
5664,1.17604
5665,1.31334
5666,0.92785
5667,0.97814
5668,0.93348
5669,1.12547
5670,1.39869
5671,1.54142
5672,1.21240
5673,2.02949
5674,3.78722
5675,2.00117
5676,1.36239
5677,1.30709
5678,2.89930
5679,1.22360
5680,1.65515
5681,1.37959
5682,1.78846
5683,1.28134
5684,1.21567
5685,2.03115
5686,4.51545
5687,1.58008
5688,1.33372
5689,3.37366
5690,2.51302
5691,2.55949
5692,1.49138
5693,1.83315
5694,5.33240
5695,1.37540
5696,1.29160
5697,1.98730
5698,2.08354
5699,1.41376
5700,1.38113
5701,1.56473
5702,1.70695
5703,1.11780
5704,1.26590
5705,1.16250
5706,1.09922
5707,1.13237
5708,1.01439
5709,1.38295
5710,1.14008
5711,1.12208
5712,1.01850
5713,2.86064
5714,2.20755
5715,2.42851
5716,1.18522
5717,1.64024
5718,1.38742
5719,1.39540
5720,1.20452
5721,1.24530
5722,1.09467
5723,1.04959
5724,1.21971
5725,1.74807
5726,1.55989
5727,1.43100
5728,1.86797
5729,1.32302
5730,1.56478
5731,1.20962
5732,1.14067
5733,3.06049
5734,3.34280
5735,1.18488
5736,1.39314
5737,1.36622
5738,1.50911
5739,1.57899
5740,1.18986
5741,1.80813
5742,2.03762
5743,1.54456
5744,1.06682
5745,1.26683
5746,1.56037
5747,1.26520
5748,1.06987
5749,1.53978
5750,1.62751
5751,2.02095
5752,1.59450
5753,1.76119
5754,1.70072
5755,1.56915
5756,1.33661
5757,1.22333
5758,1.51611
5759,1.84425
5760,1.21791
5761,1.20321
5762,1.48340
5763,1.63541
5764,1.16275
5765,1.05393
5766,1.26396
5767,1.33092
5768,1.14903
5769,1.34664
5770,1.43084
5771,1.25870
5772,1.06075
5773,2.24427
5774,1.79816
5775,2.69129
5776,1.29922
5777,1.39829
5778,1.41794
5779,2.42200
5780,1.01700
5781,2.05657
5782,3.88317
5783,1.75785
5784,1.25449
5785,1.96115
5786,2.80234
5787,1.34477
5788,1.32906
5789,2.30338
5790,2.31784
5791,2.96108
5792,1.36681
5793,1.26919
5794,1.64046
5795,1.10415
5796,1.49678
5797,2.08240
5798,3.16470
5799,2.15989
5800,1.85757
5801,1.62074
5802,2.52448
5803,1.03739
5804,1.27369
5805,1.43155
5806,1.63299
5807,1.31183
5808,1.48191
5809,1.39839
5810,1.66297
5811,1.16845
5812,1.06773
5813,1.66662
5814,2.76654
5815,1.90552
5816,1.19259
5817,1.25197
5818,1.61497
5819,1.53773
5820,1.19624
5821,1.32208
5822,1.73849
5823,1.21484
5824,1.01572
5825,1.71687
5826,3.31350
5827,2.56808
5828,1.33125
5829,1.25728
5830,1.63189
5831,1.21197
5832,1.12672
5833,1.52074
5834,2.45611
5835,1.55691
5836,1.24393
5837,1.35811
5838,2.74787
5839,1.41358
5840,1.13624
5841,1.47958
5842,2.81438
5843,1.52475
5844,1.25466
5845,1.65317
5846,4.82978
5847,1.28702
5848,1.16196
5849,1.34953
5850,1.96537
5851,1.42380
5852,1.27512
5853,1.65227
5854,3.85044
5855,1.34728
5856,1.19086
5857,1.43229
5858,1.76194
5859,1.83928
5860,1.18451
5861,1.46325
5862,1.23359
5863,1.09181
5864,1.18052
5865,3.22976
5866,17.39175
5867,2.75140
5868,1.50690
5869,1.22605
5870,2.64891
5871,1.60931
5872,1.16425
5873,1.59425
5874,2.47650
5875,1.21630
5876,1.16465
5877,1.32493
5878,1.87144
5879,1.10260
5880,1.26471
5881,1.45541
5882,2.36665
5883,1.19059
5884,1.23064
5885,1.19813
5886,2.64549
5887,1.01924
5888,1.08354
5889,1.70748
5890,3.15442
5891,1.30164
5892,1.10794
5893,1.43310
5894,2.98686
5895,1.11625
5896,1.35699
5897,1.41685
5898,1.85644
5899,1.05379
5900,1.19164
5901,3.59393
5902,10.68055
5903,3.39924
5904,1.64516
5905,2.33483
5906,1.92005
5907,1.49825
5908,1.45032
5909,1.18100
5910,1.68225
5911,1.20295
5912,1.31789
5913,1.39921
5914,2.87889
5915,1.41093
5916,1.26051
5917,1.30189
5918,1.56535
5919,1.08277
5920,1.33550
5921,1.18256
5922,2.03182
5923,1.07920
5924,1.25146
5925,2.49432
5926,1.68898
5927,1.46119
5928,1.13462
5929,1.60347
5930,1.94218
5931,1.53207
5932,1.10239
5933,1.56022
5934,2.21270
5935,1.19416
5936,1.35753
5937,1.32138
5938,1.34053
5939,1.47674
5940,1.09587
5941,1.61086
5942,1.80161
5943,1.24266
5944,1.20003
5945,1.16264
5946,1.40175
5947,0.99914
5948,1.01728
5949,1.61175
5950,2.12687
5951,1.35249
5952,1.29518
5953,1.18434
5954,1.22688
5955,1.08293
5956,1.24133
5957,1.46128
5958,3.54778
5959,1.03914
5960,1.68173
5961,1.36815
5962,1.37735
5963,1.33687
5964,1.13657
5965,1.60003
5966,2.82718
5967,1.83696
5968,1.24183
5969,1.48937
5970,1.70651
5971,1.39706
5972,1.39613
5973,1.39772
5974,1.39809
5975,1.17884
5976,1.13591
5977,1.11111
5978,1.24458
5979,1.36245
5980,1.02308
5981,3.30359
5982,3.72403
5983,1.23740
5984,1.50862
5985,2.33915
5986,2.23970
5987,2.17454
5988,1.36953
5989,1.29600
5990,2.27352
5991,1.01992
5992,1.13887
5993,1.51118
5994,1.82727
5995,1.51409
5996,1.18656
5997,1.71642
5998,1.32954
5999,1.22867
6000,1.07504
6001,1.43389
6002,1.28364
6003,1.24207
6004,1.33414
6005,1.39819
6006,1.12483
6007,1.39203
6008,1.23970
6009,4.20222
6010,8.50556
6011,2.30196
6012,1.88774
6013,1.36732
6014,1.92559
6015,0.99785
6016,1.17454
6017,2.70099
6018,2.93122
6019,1.89419
6020,1.33225
6021,2.76035
6022,4.38755
6023,1.97982
6024,1.57992
6025,1.44857
6026,1.63780
6027,1.56754
6028,1.04870
6029,2.49501
6030,3.35573
6031,2.59738
6032,1.28150
6033,2.93501
6034,5.53308
6035,1.42573
6036,1.16337
6037,1.73937
6038,2.57809
6039,1.12621
6040,1.18671
6041,1.81528
6042,2.74163
6043,2.25674
6044,1.01683
6045,2.13351
6046,2.12586
6047,1.58469
6048,1.56777
6049,1.80526
6050,4.48799
6051,1.18159
6052,1.53918
6053,1.58923
6054,2.03008
6055,1.22332
6056,1.27052
6057,1.29165
6058,1.15022
6059,1.35891
6060,1.41129
6061,2.34774
6062,1.86840
6063,1.17511
6064,1.53137
6065,1.70807
6066,1.92736
6067,1.21231
6068,1.36426
6069,1.49072
6070,1.88429
6071,1.91885
6072,0.97193
6073,2.15441
6074,1.73697
6075,1.68170
6076,1.32303
6077,1.31437
6078,1.58731
6079,1.23705
6080,1.24402
6081,1.06615
6082,0.86689
6083,0.92152
6084,0.84252
6085,1.18382
6086,1.76402
6087,1.65312
6088,1.25980
6089,1.03868
6090,1.31675
6091,1.15029
6092,1.13819
6093,1.19389
6094,1.36576
6095,1.85962
6096,1.10855
6097,1.17533
6098,1.44005
6099,1.19065
6100,1.16265
6101,1.17885
6102,1.34818
6103,1.28566
6104,1.07498
6105,1.41444
6106,1.30265
6107,1.19012
6108,1.19259
6109,3.47597
6110,4.45271
6111,1.25989
6112,1.50901
6113,2.09115
6114,2.83447
6115,1.14389
6116,1.30503
6117,1.92274
6118,1.98460
6119,1.78863
6120,1.35720
6121,2.13221
6122,2.11051
6123,2.74622
6124,1.58461
6125,1.40775
6126,1.50456
6127,1.08759
6128,1.00243
6129,2.44107
6130,4.83411
6131,2.03550
6132,1.44941
6133,1.36889
6134,1.68862
6135,1.33051
6136,1.08015
6137,1.67544
6138,3.25907
6139,2.64647
6140,1.54125
6141,1.92539
6142,3.24353
6143,1.21624
6144,1.36866
6145,2.58501
6146,4.59816
6147,1.77371
6148,1.24557
6149,2.00497
6150,1.45152
6151,1.20178
6152,1.22577
6153,2.97689
6154,3.86603
6155,1.35051
6156,1.26820
6157,1.29098
6158,1.92023
6159,1.26181
6160,1.15310
6161,2.49128
6162,2.67035
6163,1.07147
6164,1.41421
6165,2.21918
6166,2.30970
6167,1.05031
6168,1.34400
6169,2.11865
6170,3.33770
6171,1.43214
6172,1.32012
6173,2.10928
6174,2.93076
6175,1.48557
6176,1.43371
6177,2.90895
6178,5.20358
6179,2.84445
6180,1.81293
6181,2.64211
6182,3.14025
6183,2.68286
6184,2.39718
6185,1.48446
6186,2.35481
6187,1.38644
6188,1.07430
6189,1.35723
6190,2.28390
6191,1.05213
6192,1.11999
6193,3.21652
6194,1.73011
6195,2.31627
6196,1.84713
6197,1.43294
6198,1.43029
6199,1.16902
6200,1.21986
6201,1.40518
6202,2.73784
6203,1.18510
6204,1.04444
6205,2.13550
6206,3.58058
6207,1.43186
6208,1.04320
6209,1.36829
6210,3.96694
6211,1.24698
6212,1.20954
6213,1.58678
6214,1.78684
6215,1.32259
6216,1.27317
6217,1.26556
6218,3.25565
6219,1.17782
6220,1.17733
6221,1.35563
6222,1.78346
6223,1.01013
6224,1.02315
6225,1.33995
6226,2.06137
6227,1.07470
6228,1.14376
6229,1.42162
6230,1.65078
6231,1.81537
6232,1.17968
6233,1.45123
6234,1.63741
6235,1.86519
6236,1.23650
6237,1.39857
6238,2.08709
6239,1.57360
6240,1.11984
6241,2.16849
6242,1.57689
6243,1.47733
6244,1.13828
6245,1.23263
6246,1.33203
6247,1.20529
6248,1.08844
6249,1.24333
6250,1.83585
6251,1.18335
6252,1.30805
6253,1.16577
6254,1.54392
6255,1.17803
6256,1.12250
6257,1.23809
6258,1.41662
6259,1.15349
6260,1.16858
6261,1.15273
6262,1.37125
6263,1.33445
6264,0.84870
6265,3.33946
6266,2.22313
6267,1.20652
6268,1.25473
6269,1.68304
6270,3.47352
6271,1.04965
6272,1.20042
6273,2.99845
6274,5.78318
6275,1.24545
6276,2.09321
6277,1.47622
6278,2.65429
6279,0.98930
6280,1.45261
6281,1.70440
6282,1.80212
6283,1.40255
6284,1.36265
6285,2.78075
6286,3.17902
6287,1.57775
6288,2.20726
6289,2.09860
6290,1.68194
6291,1.13063
6292,1.50654
6293,1.26767
6294,1.67454
6295,1.13014
6296,1.18468
6297,2.07213
6298,2.74474
6299,1.12688
6300,1.31951
6301,1.61176
6302,1.58768
6303,1.08168
6304,1.11401
6305,1.32418
6306,1.51477
6307,1.15244
6308,1.14095
6309,1.24506
6310,1.81040
6311,1.16479
6312,1.11886
6313,2.15785
6314,4.38437
6315,1.23060
6316,1.22400
6317,1.22114
6318,1.20571
6319,1.05522
6320,1.07854
6321,1.38396
6322,1.53317
6323,1.06818
6324,0.98114
6325,1.37880
6326,1.88167
6327,1.11463
6328,1.16158
6329,3.01179
6330,3.39263
6331,3.02028
6332,1.47467
6333,1.69904
6334,2.37965
6335,2.03736
6336,1.38368
6337,1.31277
6338,2.20389
6339,2.16833
6340,1.17054
6341,1.72484
6342,1.71405
6343,3.10886
6344,1.45473
6345,1.32463
6346,1.34069
6347,1.48806
6348,1.24011
6349,1.65980
6350,2.73997
6351,1.08701
6352,1.49049
6353,1.22282
6354,3.03137
6355,1.55131
6356,1.11174
6357,1.48471
6358,1.88677
6359,1.18150
6360,1.47263
6361,1.28169
6362,2.71300
6363,1.00056
6364,1.37792
6365,1.17059
6366,1.36253
6367,0.99397
6368,1.09106
6369,1.54027
6370,1.34355
6371,1.01946
6372,1.14731
6373,1.56206
6374,1.87063
6375,0.98082
6376,1.08569
6377,1.56455
6378,1.90825
6379,1.08544
6380,1.14141
6381,1.44281
6382,1.97973
6383,1.14818
6384,1.15727
6385,1.18595
6386,2.60974
6387,0.98964
6388,1.18286
6389,2.13612
6390,2.77192
6391,2.79746
6392,1.71984
6393,1.52038
6394,1.45590
6395,1.27398
6396,1.10968
6397,1.31027
6398,1.77299
6399,1.36235
6400,1.13548
6401,1.22162
6402,1.76186
6403,0.98999
6404,1.02300
6405,1.99405
6406,2.02821
6407,1.21905
6408,1.35355
6409,2.26411
6410,3.52822
6411,2.55396
6412,1.44048
6413,1.23805
6414,1.61750
6415,1.13844
6416,1.14319
6417,1.38986
6418,2.67662
6419,1.00154
6420,1.16541
6421,1.57028
6422,1.49551
6423,1.07124
6424,1.30073
6425,1.24611
6426,1.35377
6427,1.36537
6428,1.27401
6429,1.59287
6430,1.58566
6431,2.21971
6432,1.16422
6433,1.37550
6434,2.04131
6435,1.27422
6436,1.07778
6437,1.34994
6438,1.19002
6439,1.38083
6440,1.07637
6441,1.31016
6442,1.17342
6443,1.58762
6444,1.26841
6445,1.82280
6446,2.80795
6447,2.44838
6448,1.47183
6449,1.27814
6450,1.48689
6451,1.06438
6452,1.14863
6453,1.16054
6454,1.20401
6455,1.22693
6456,0.99458
6457,1.70312
6458,3.03918
6459,1.72802
6460,1.26790
6461,1.20525
6462,1.39549
6463,0.98246
6464,1.41972
6465,1.35431
6466,2.42410
6467,1.19555
6468,1.26667
6469,1.21133
6470,1.57671
6471,1.12769
6472,0.91081
6473,1.49284
6474,1.69527
6475,1.41089
6476,1.12433
6477,1.36554
6478,1.56002
6479,1.32641
6480,1.29521
6481,1.34219
6482,1.31249
6483,1.25741
6484,0.91344
6485,1.43902
6486,1.72215
6487,1.17408
6488,1.14513
6489,2.39472
6490,3.60969
6491,1.65299
6492,1.88502
6493,1.19407
6494,2.18747
6495,1.13577
6496,1.23524
6497,2.62432
6498,2.63240
6499,1.46715
6500,1.52625
6501,1.32919
6502,1.46959
6503,1.13786
6504,1.24645
6505,1.82012
6506,1.89248
6507,1.43391
6508,1.21829
6509,1.78264
6510,1.52449
6511,1.21000
6512,1.29039
6513,1.40002
6514,2.17283
6515,1.02312
6516,1.14902
6517,1.23530
6518,1.29264
6519,1.19037
6520,1.04026
6521,1.56168
6522,2.15110
6523,1.51142
6524,1.37886
6525,1.21389
6526,1.62947
6527,1.19351
6528,1.47017
6529,1.69521
6530,1.77761
6531,1.60140
6532,1.17800
6533,1.86660
6534,2.00763
6535,1.31699
6536,1.07120
6537,1.31832
6538,1.27114
6539,1.01391
6540,1.10923
