0 0.09090909090909091 0.0 0.9090909090909091 
1 0.333 0.333 0.334 
2 0.333 0.333 0.334 
3 0.2 0.3 0.5 
4 0.333 0.333 0.334 
5 0.9166666666666666 0.0 0.08333333333333333 
6 0.333 0.333 0.334 
7 0.333 0.333 0.334 
8 0.333 0.333 0.334 
9 0.25 0.4166666666666667 0.3333333333333333 
10 0.1111111111111111 0.7777777777777778 0.1111111111111111 
11 0.22727272727272727 0.5 0.2727272727272727 
12 0.14285714285714285 0.5 0.35714285714285715 
13 0.1 0.0 0.9 
14 0.25 0.625 0.125 
15 0.2222222222222222 0.1111111111111111 0.6666666666666666 
16 0.333 0.333 0.334 
17 0.333 0.333 0.334 
18 0.125 0.25 0.625 
19 0.14285714285714285 0.42857142857142855 0.42857142857142855 
20 0.038461538461538464 0.15384615384615385 0.8076923076923077 
21 0.333 0.333 0.334 
22 0.3125 0.0 0.6875 
23 0.333 0.333 0.334 
24 0.333 0.333 0.334 
25 0.333 0.333 0.334 
26 0.09090909090909091 0.0 0.9090909090909091 
27 0.333 0.333 0.334 
28 0.2 0.4 0.4 
29 0.333 0.333 0.334 
30 0.3 0.3 0.4 
31 0.1111111111111111 0.4444444444444444 0.4444444444444444 
32 0.36363636363636365 0.0 0.6363636363636364 
33 0.333 0.333 0.334 
34 0.333 0.333 0.334 
35 0.2 0.5 0.3 
36 0.375 0.5 0.125 
37 0.333 0.333 0.334 
38 0.333 0.333 0.334 
39 0.23076923076923078 0.3076923076923077 0.46153846153846156 
40 0.333 0.333 0.334 
41 0.333 0.333 0.334 
42 0.333 0.333 0.334 
43 0.0625 0.0 0.9375 
44 0.333 0.333 0.334 
45 0.333 0.333 0.334 
46 0.333 0.333 0.334 
47 0.333 0.333 0.334 
48 0.333 0.333 0.334 
49 0.5 0.0 0.5 
50 0.3684210526315789 0.5789473684210527 0.05263157894736842 
51 0.333 0.333 0.334 
52 0.125 0.375 0.5 
53 0.06666666666666667 0.3333333333333333 0.6 
54 0.333 0.333 0.334 
55 0.333 0.333 0.334 
56 0.2 0.7 0.1 
57 0.333 0.333 0.334 
