0 0.333 0.333 0.334 
1 0.333 0.333 0.334 
2 0.109375 0.53125 0.359375 
3 0.333 0.333 0.334 
4 0.333 0.333 0.334 
5 0.008547008547008548 0.1111111111111111 0.8803418803418803 
6 0.1935483870967742 0.2903225806451613 0.5161290322580645 
7 0.125 0.4166666666666667 0.4583333333333333 
8 0.76 0.04 0.2 
9 0.333 0.333 0.334 
10 0.2692307692307692 0.46153846153846156 0.2692307692307692 
11 0.333 0.333 0.334 
12 0.05 0.3 0.65 
13 0.333 0.333 0.334 
14 0.03125 0.03125 0.9375 
15 0.03669724770642202 0.3761467889908257 0.5871559633027523 
16 0.333 0.333 0.334 
17 0.25 0.125 0.625 
18 0.333 0.333 0.334 
19 0.02976190476190476 0.02976190476190476 0.9404761904761905 
20 0.333 0.333 0.334 
21 0.333 0.333 0.334 
22 0.333 0.333 0.334 
23 0.333 0.333 0.334 
24 0.07407407407407407 0.2962962962962963 0.6296296296296297 
25 0.333 0.333 0.334 
26 0.16666666666666666 0.5833333333333334 0.25 
27 0.23333333333333334 0.6333333333333333 0.13333333333333333 
28 0.333 0.333 0.334 
29 0.333 0.333 0.334 
30 0.32 0.48 0.2 
31 0.333 0.333 0.334 
32 0.333 0.333 0.334 
33 0.333 0.333 0.334 
34 0.333 0.333 0.334 
35 0.24 0.16 0.6 
36 0.21428571428571427 0.6428571428571429 0.14285714285714285 
37 0.333 0.333 0.334 
38 0.333 0.333 0.334 
39 0.333 0.333 0.334 
40 0.10714285714285714 0.5714285714285714 0.32142857142857145 
41 0.34782608695652173 0.21739130434782608 0.43478260869565216 
42 0.333 0.333 0.334 
43 0.333 0.333 0.334 
44 0.333 0.333 0.334 
45 0.333 0.333 0.334 
46 0.27586206896551724 0.4827586206896552 0.2413793103448276 
47 0.333 0.333 0.334 
48 0.333 0.333 0.334 
49 0.333 0.333 0.334 
50 0.333 0.333 0.334 
51 0.333 0.333 0.334 
52 0.12 0.4 0.48 
53 0.021929824561403508 0.07456140350877193 0.9035087719298246 
54 0.333 0.333 0.334 
55 0.15625 0.53125 0.3125 
56 0.1875 0.0625 0.75 
57 0.333 0.333 0.334 
58 0.333 0.333 0.334 
59 0.333 0.333 0.334 
60 0.06451612903225806 0.22580645161290322 0.7096774193548387 
61 0.333 0.333 0.334 
62 0.333 0.333 0.334 
63 0.21052631578947367 0.3157894736842105 0.47368421052631576 
64 0.333 0.333 0.334 
65 0.3392857142857143 0.5 0.16071428571428573 
66 0.333 0.333 0.334 
67 0.23076923076923078 0.5897435897435898 0.1794871794871795 
68 0.058823529411764705 0.6470588235294118 0.29411764705882354 
69 0.333 0.333 0.334 
70 0.333 0.333 0.334 
71 0.333 0.333 0.334 
72 0.05737704918032787 0.22131147540983606 0.7213114754098361 
73 0.333 0.333 0.334 
74 0.25 0.25 0.5 
75 0.07407407407407407 0.1111111111111111 0.8148148148148148 
76 0.333 0.333 0.334 
77 0.045454545454545456 0.5909090909090909 0.36363636363636365 
78 0.333 0.333 0.334 
79 0.625 0.0625 0.3125 
80 0.333 0.333 0.334 
81 0.125 0.25 0.625 
82 0.2777777777777778 0.5555555555555556 0.16666666666666666 
83 0.333 0.333 0.334 
84 0.3125 0.125 0.5625 
85 0.333 0.333 0.334 
86 0.333 0.333 0.334 
87 0.333 0.333 0.334 
88 0.07352941176470588 0.08823529411764706 0.8382352941176471 
89 0.17333333333333334 0.4 0.4266666666666667 
90 0.333 0.333 0.334 
91 0.25 0.1875 0.5625 
92 0.333 0.333 0.334 
93 0.333 0.333 0.334 
94 0.333 0.333 0.334 
95 0.333 0.333 0.334 
96 0.16129032258064516 0.4838709677419355 0.3548387096774194 
97 0.047619047619047616 0.47619047619047616 0.47619047619047616 
98 0.125 0.1875 0.6875 
99 0.333 0.333 0.334 
100 0.1111111111111111 0.3888888888888889 0.5 
101 0.333 0.333 0.334 
102 0.333 0.333 0.334 
103 0.19736842105263158 0.2631578947368421 0.5394736842105263 
104 0.23529411764705882 0.35294117647058826 0.4117647058823529 
105 0.058823529411764705 0.11764705882352941 0.8235294117647058 
106 0.1875 0.3125 0.5 
107 0.16666666666666666 0.4166666666666667 0.4166666666666667 
108 0.333 0.333 0.334 
109 0.2 0.6 0.2 
110 0.1875 0.3125 0.5 
111 0.08108108108108109 0.21621621621621623 0.7027027027027027 
112 0.125 0.3958333333333333 0.4791666666666667 
113 0.2833333333333333 0.3 0.4166666666666667 
114 0.3 0.3 0.4 
115 0.1111111111111111 0.48148148148148145 0.4074074074074074 
116 0.18181818181818182 0.6767676767676768 0.1414141414141414 
117 0.333 0.333 0.334 
118 0.333 0.333 0.334 
119 0.333 0.333 0.334 
120 0.333 0.333 0.334 
121 0.333 0.333 0.334 
122 0.333 0.333 0.334 
123 0.333 0.333 0.334 
124 0.333 0.333 0.334 
125 0.09375 0.21875 0.6875 
126 0.333 0.333 0.334 
127 0.333 0.333 0.334 
128 0.333 0.333 0.334 
129 0.333 0.333 0.334 
130 0.333 0.333 0.334 
131 0.0625 0.21428571428571427 0.7232142857142857 
132 0.333 0.333 0.334 
133 0.1724137931034483 0.13793103448275862 0.6896551724137931 
134 0.05263157894736842 0.5263157894736842 0.42105263157894735 
135 0.333 0.333 0.334 
136 0.333 0.333 0.334 
137 0.23529411764705882 0.11764705882352941 0.6470588235294118 
138 0.07936507936507936 0.2222222222222222 0.6984126984126984 
139 0.125 0.25 0.625 
140 0.333 0.333 0.334 
141 0.07407407407407407 0.037037037037037035 0.8888888888888888 
142 0.333 0.333 0.334 
143 0.333 0.333 0.334 
144 0.27380952380952384 0.4880952380952381 0.23809523809523808 
145 0.0625 0.40625 0.53125 
146 0.333 0.333 0.334 
147 0.3125 0.375 0.3125 
148 0.14285714285714285 0.47619047619047616 0.38095238095238093 
149 0.20833333333333334 0.25 0.5416666666666666 
150 0.333 0.333 0.334 
151 0.1875 0.5625 0.25 
152 0.05555555555555555 0.6666666666666666 0.2777777777777778 
153 0.0875 0.5 0.4125 
154 0.333 0.333 0.334 
155 0.0625 0.4375 0.5 
156 0.333 0.333 0.334 
157 0.333 0.333 0.334 
158 0.22580645161290322 0.24193548387096775 0.532258064516129 
159 0.333 0.333 0.334 
160 0.08333333333333333 0.16666666666666666 0.75 
161 0.2631578947368421 0.2631578947368421 0.47368421052631576 
162 0.333 0.333 0.334 
163 0.333 0.333 0.334 
164 0.333 0.333 0.334 
165 0.333 0.333 0.334 
166 0.04040404040404041 0.26262626262626265 0.696969696969697 
167 0.333 0.333 0.334 
168 0.333 0.333 0.334 
169 0.333 0.333 0.334 
170 0.333 0.333 0.334 
171 0.333 0.333 0.334 
172 0.1875 0.1875 0.625 
173 0.333 0.333 0.334 
174 0.333 0.333 0.334 
175 0.333 0.333 0.334 
176 0.333 0.333 0.334 
177 0.333 0.333 0.334 
178 0.333 0.333 0.334 
179 0.333 0.333 0.334 
180 0.333 0.333 0.334 
181 0.36363636363636365 0.09090909090909091 0.5454545454545454 
182 0.333 0.333 0.334 
183 0.029411764705882353 0.3235294117647059 0.6470588235294118 
184 0.058823529411764705 0.23529411764705882 0.7058823529411765 
185 0.125 0.375 0.5 
186 0.333 0.333 0.334 
187 0.333 0.333 0.334 
188 0.333 0.333 0.334 
189 0.03508771929824561 0.17543859649122806 0.7894736842105263 
190 0.333 0.333 0.334 
191 0.11538461538461539 0.46153846153846156 0.4230769230769231 
192 0.333 0.333 0.334 
193 0.333 0.333 0.334 
194 0.46153846153846156 0.23076923076923078 0.3076923076923077 
195 0.333 0.333 0.334 
196 0.333 0.333 0.334 
197 0.333 0.333 0.334 
198 0.333 0.333 0.334 
199 0.333 0.333 0.334 
200 0.10810810810810811 0.2702702702702703 0.6216216216216216 
201 0.18181818181818182 0.48484848484848486 0.3333333333333333 
202 0.333 0.333 0.334 
203 0.06896551724137931 0.10344827586206896 0.8275862068965517 
204 0.25 0.4583333333333333 0.2916666666666667 
205 0.333 0.333 0.334 
206 0.333 0.333 0.334 
207 0.333 0.333 0.334 
208 0.333 0.333 0.334 
209 0.333 0.333 0.334 
210 0.333 0.333 0.334 
211 0.333 0.333 0.334 
212 0.333 0.333 0.334 
213 0.333 0.333 0.334 
214 0.13043478260869565 0.21739130434782608 0.6521739130434783 
215 0.333 0.333 0.334 
216 0.25 0.6923076923076923 0.057692307692307696 
217 0.333 0.333 0.334 
218 0.333 0.333 0.334 
219 0.333 0.333 0.334 
220 0.333 0.333 0.334 
221 0.333 0.333 0.334 
222 0.3076923076923077 0.5769230769230769 0.11538461538461539 
223 0.25 0.25 0.5 
224 0.333 0.333 0.334 
225 0.333 0.333 0.334 
226 0.333 0.333 0.334 
227 0.333 0.333 0.334 
228 0.2 0.3 0.5 
229 0.333 0.333 0.334 
230 0.333 0.333 0.334 
231 0.333 0.333 0.334 
232 0.09615384615384616 0.21153846153846154 0.6923076923076923 
233 0.333 0.333 0.334 
234 0.03125 0.15625 0.8125 
235 0.333 0.333 0.334 
236 0.333 0.333 0.334 
237 0.333 0.333 0.334 
238 0.16666666666666666 0.16666666666666666 0.6666666666666666 
239 0.333 0.333 0.334 
240 0.017857142857142856 0.4017857142857143 0.5803571428571429 
241 0.333 0.333 0.334 
242 0.333 0.333 0.334 
243 0.333 0.333 0.334 
244 0.333 0.333 0.334 
245 0.2 0.7428571428571429 0.05714285714285714 
246 0.3125 0.1875 0.5 
247 0.333 0.333 0.334 
248 0.333 0.333 0.334 
249 0.1875 0.0625 0.75 
250 0.333 0.333 0.334 
251 0.12244897959183673 0.2857142857142857 0.5918367346938775 
252 0.029411764705882353 0.5 0.47058823529411764 
253 0.333 0.333 0.334 
254 0.333 0.333 0.334 
255 0.125 0.3125 0.5625 
256 0.333 0.333 0.334 
257 0.125 0.375 0.5 
258 0.333 0.333 0.334 
259 0.333 0.333 0.334 
260 0.333 0.333 0.334 
261 0.17391304347826086 0.34782608695652173 0.4782608695652174 
262 0.30434782608695654 0.2608695652173913 0.43478260869565216 
263 0.333 0.333 0.334 
264 0.333 0.333 0.334 
265 0.333 0.333 0.334 
266 0.21666666666666667 0.6333333333333333 0.15 
267 0.333 0.333 0.334 
268 0.16666666666666666 0.375 0.4583333333333333 
269 0.333 0.333 0.334 
270 0.333 0.333 0.334 
271 0.333 0.333 0.334 
272 0.1794871794871795 0.5897435897435898 0.23076923076923078 
273 0.333 0.333 0.334 
274 0.11764705882352941 0.29411764705882354 0.5882352941176471 
275 0.333 0.333 0.334 
276 0.333 0.333 0.334 
277 0.333 0.333 0.334 
278 0.333 0.333 0.334 
279 0.333 0.333 0.334 
280 0.07894736842105263 0.0 0.9210526315789473 
281 0.16666666666666666 0.4444444444444444 0.3888888888888889 
282 0.333 0.333 0.334 
283 0.333 0.333 0.334 
284 0.333 0.333 0.334 
285 0.333 0.333 0.334 
286 0.125 0.1875 0.6875 
287 0.024390243902439025 0.7073170731707317 0.2682926829268293 
288 0.09302325581395349 0.37209302325581395 0.5348837209302325 
289 0.1724137931034483 0.3793103448275862 0.4482758620689655 
290 0.625 0.125 0.25 
291 0.333 0.333 0.334 
292 0.333 0.333 0.334 
293 0.333 0.333 0.334 
294 0.333 0.333 0.334 
295 0.09375 0.34375 0.5625 
296 0.333 0.333 0.334 
297 0.3125 0.25 0.4375 
298 0.333 0.333 0.334 
299 0.125 0.1875 0.6875 
300 0.05555555555555555 0.5 0.4444444444444444 
301 0.0625 0.625 0.3125 
302 0.333 0.333 0.334 
303 0.333 0.333 0.334 
304 0.333 0.333 0.334 
305 0.25 0.5 0.25 
306 0.333 0.333 0.334 
307 0.333 0.333 0.334 
308 0.13725490196078433 0.6078431372549019 0.2549019607843137 
309 0.333 0.333 0.334 
310 0.2916666666666667 0.375 0.3333333333333333 
311 0.3875 0.325 0.2875 
312 0.333 0.333 0.334 
313 0.333 0.333 0.334 
314 0.25 0.65 0.1 
315 0.333 0.333 0.334 
316 0.333 0.333 0.334 
317 0.1111111111111111 0.3888888888888889 0.5 
318 0.333 0.333 0.334 
319 0.125 0.3125 0.5625 
320 0.333 0.333 0.334 
321 0.333 0.333 0.334 
322 0.333 0.333 0.334 
323 0.333 0.333 0.334 
324 0.07692307692307693 0.15384615384615385 0.7692307692307693 
325 0.25 0.3125 0.4375 
326 0.333 0.333 0.334 
327 0.333 0.333 0.334 
328 0.05752212389380531 0.3584070796460177 0.584070796460177 
329 0.333 0.333 0.334 
330 0.05357142857142857 0.4226190476190476 0.5238095238095238 
331 0.333 0.333 0.334 
332 0.333 0.333 0.334 
333 0.333 0.333 0.334 
334 0.333 0.333 0.334 
335 0.333 0.333 0.334 
336 0.333 0.333 0.334 
337 0.42857142857142855 0.3333333333333333 0.23809523809523808 
338 0.333 0.333 0.334 
339 0.333 0.333 0.334 
340 0.10714285714285714 0.35714285714285715 0.5357142857142857 
341 0.333 0.333 0.334 
342 0.05 0.4 0.55 
343 0.333 0.333 0.334 
344 0.333 0.333 0.334 
345 0.333 0.333 0.334 
346 0.333 0.333 0.334 
347 0.333 0.333 0.334 
348 0.125 0.625 0.25 
349 0.333 0.333 0.334 
350 0.333 0.333 0.334 
351 0.333 0.333 0.334 
352 0.1875 0.3125 0.5 
353 0.333 0.333 0.334 
354 0.34782608695652173 0.391304347826087 0.2608695652173913 
355 0.333 0.333 0.334 
356 0.019230769230769232 0.3076923076923077 0.6730769230769231 
357 0.333 0.333 0.334 
358 0.333 0.333 0.334 
359 0.333 0.333 0.334 
360 0.333 0.333 0.334 
361 0.333 0.333 0.334 
362 0.333 0.333 0.334 
363 0.333 0.333 0.334 
364 0.333 0.333 0.334 
365 0.333 0.333 0.334 
366 0.18018018018018017 0.38738738738738737 0.43243243243243246 
367 0.125 0.25 0.625 
368 0.333 0.333 0.334 
369 0.333 0.333 0.334 
370 0.333 0.333 0.334 
371 0.333 0.333 0.334 
372 0.333 0.333 0.334 
373 0.07407407407407407 0.5925925925925926 0.3333333333333333 
374 0.333 0.333 0.334 
375 0.333 0.333 0.334 
376 0.333 0.333 0.334 
377 0.333 0.333 0.334 
378 0.333 0.333 0.334 
379 0.05555555555555555 0.3888888888888889 0.5555555555555556 
380 0.23529411764705882 0.35294117647058826 0.4117647058823529 
381 0.333 0.333 0.334 
382 0.333 0.333 0.334 
383 0.333 0.333 0.334 
384 0.333 0.333 0.334 
385 0.333 0.333 0.334 
386 0.1875 0.34375 0.46875 
387 0.333 0.333 0.334 
388 0.1 0.5 0.4 
389 0.333 0.333 0.334 
390 0.45454545454545453 0.3181818181818182 0.22727272727272727 
391 0.333 0.333 0.334 
392 0.15 0.6 0.25 
393 0.333 0.333 0.334 
394 0.333 0.333 0.334 
395 0.333 0.333 0.334 
396 0.16666666666666666 0.16666666666666666 0.6666666666666666 
397 0.333 0.333 0.334 
398 0.07317073170731707 0.6341463414634146 0.2926829268292683 
399 0.10714285714285714 0.5357142857142857 0.35714285714285715 
400 0.0784313725490196 0.37254901960784315 0.5490196078431373 
401 0.333 0.333 0.334 
402 0.333 0.333 0.334 
403 0.034482758620689655 0.1724137931034483 0.7931034482758621 
404 0.333 0.333 0.334 
405 0.333 0.333 0.334 
406 0.333 0.333 0.334 
407 0.333 0.333 0.334 
408 0.333 0.333 0.334 
409 0.1 0.7666666666666667 0.13333333333333333 
410 0.333 0.333 0.334 
411 0.16666666666666666 0.16666666666666666 0.6666666666666666 
412 0.333 0.333 0.334 
413 0.16071428571428573 0.07142857142857142 0.7678571428571429 
414 0.333 0.333 0.334 
415 0.15789473684210525 0.3157894736842105 0.5263157894736842 
416 0.333 0.333 0.334 
417 0.333 0.333 0.334 
418 0.017241379310344827 0.4482758620689655 0.5344827586206896 
419 0.4166666666666667 0.20833333333333334 0.375 
420 0.333 0.333 0.334 
421 0.333 0.333 0.334 
422 0.333 0.333 0.334 
423 0.333 0.333 0.334 
424 0.10526315789473684 0.10526315789473684 0.7894736842105263 
425 0.3333333333333333 0.25 0.4166666666666667 
426 0.21052631578947367 0.3157894736842105 0.47368421052631576 
427 0.333 0.333 0.334 
428 0.3125 0.375 0.3125 
429 0.333 0.333 0.334 
430 0.333 0.333 0.334 
431 0.333 0.333 0.334 
432 0.4117647058823529 0.35294117647058826 0.23529411764705882 
433 0.333 0.333 0.334 
434 0.25 0.3 0.45 
435 0.333 0.333 0.334 
436 0.333 0.333 0.334 
437 0.333 0.333 0.334 
438 0.333 0.333 0.334 
439 0.09090909090909091 0.36363636363636365 0.5454545454545454 
440 0.3125 0.1875 0.5 
441 0.333 0.333 0.334 
442 0.18478260869565216 0.532608695652174 0.2826086956521739 
443 0.333 0.333 0.334 
444 0.21428571428571427 0.5 0.2857142857142857 
445 0.333 0.333 0.334 
446 0.4444444444444444 0.3333333333333333 0.2222222222222222 
447 0.333 0.333 0.334 
448 0.333 0.333 0.334 
449 0.333 0.333 0.334 
450 0.333 0.333 0.334 
451 0.333 0.333 0.334 
452 0.27586206896551724 0.4827586206896552 0.2413793103448276 
453 0.333 0.333 0.334 
454 0.333 0.333 0.334 
455 0.333 0.333 0.334 
456 0.08108108108108109 0.32432432432432434 0.5945945945945946 
457 0.14285714285714285 0.42857142857142855 0.42857142857142855 
458 0.333 0.333 0.334 
459 0.333 0.333 0.334 
460 0.14814814814814814 0.4074074074074074 0.4444444444444444 
461 0.041666666666666664 0.4583333333333333 0.5 
462 0.333 0.333 0.334 
463 0.333 0.333 0.334 
464 0.333 0.333 0.334 
465 0.333 0.333 0.334 
466 0.14285714285714285 0.6309523809523809 0.2261904761904762 
467 0.333 0.333 0.334 
468 0.333 0.333 0.334 
469 0.333 0.333 0.334 
470 0.0625 0.125 0.8125 
471 0.1111111111111111 0.2777777777777778 0.6111111111111112 
472 0.333 0.333 0.334 
473 0.10526315789473684 0.21052631578947367 0.6842105263157895 
474 0.20833333333333334 0.5208333333333334 0.2708333333333333 
475 0.20833333333333334 0.2916666666666667 0.5 
476 0.333 0.333 0.334 
477 0.333 0.333 0.334 
478 0.333 0.333 0.334 
479 0.05084745762711865 0.3050847457627119 0.6440677966101694 
480 0.333 0.333 0.334 
481 0.1111111111111111 0.3333333333333333 0.5555555555555556 
482 0.333 0.333 0.334 
483 0.333 0.333 0.334 
484 0.333 0.333 0.334 
485 0.333 0.333 0.334 
486 0.333 0.333 0.334 
487 0.06324110671936758 0.48616600790513836 0.4505928853754941 
488 0.25 0.3 0.45 
489 0.34146341463414637 0.5121951219512195 0.14634146341463414 
490 0.333 0.333 0.334 
491 0.333 0.333 0.334 
492 0.10833333333333334 0.5833333333333334 0.30833333333333335 
493 0.17857142857142858 0.6428571428571429 0.17857142857142858 
494 0.333 0.333 0.334 
495 0.5 0.375 0.125 
496 0.19047619047619047 0.5238095238095238 0.2857142857142857 
497 0.023255813953488372 0.3488372093023256 0.627906976744186 
498 0.375 0.375 0.25 
499 0.333 0.333 0.334 
500 0.333 0.333 0.334 
501 0.17482517482517482 0.44755244755244755 0.3776223776223776 
502 0.333 0.333 0.334 
503 0.333 0.333 0.334 
504 0.08163265306122448 0.5102040816326531 0.40816326530612246 
505 0.333 0.333 0.334 
506 0.333 0.333 0.334 
507 0.14492753623188406 0.5217391304347826 0.3333333333333333 
508 0.333 0.333 0.334 
509 0.333 0.333 0.334 
510 0.333 0.333 0.334 
511 0.333 0.333 0.334 
512 0.333 0.333 0.334 
513 0.333 0.333 0.334 
514 0.333 0.333 0.334 
515 0.333 0.333 0.334 
516 0.333 0.333 0.334 
517 0.333 0.333 0.334 
518 0.333 0.333 0.334 
519 0.333 0.333 0.334 
520 0.058823529411764705 0.4117647058823529 0.5294117647058824 
521 0.06711409395973154 0.3624161073825503 0.5704697986577181 
522 0.1875 0.0625 0.75 
523 0.333 0.333 0.334 
524 0.05405405405405406 0.10810810810810811 0.8378378378378378 
525 0.333 0.333 0.334 
526 0.333 0.333 0.334 
527 0.333 0.333 0.334 
528 0.333 0.333 0.334 
529 0.4 0.1 0.5 
530 0.1 0.6 0.3 
531 0.333 0.333 0.334 
532 0.333 0.333 0.334 
533 0.06666666666666667 0.5333333333333333 0.4 
534 0.333 0.333 0.334 
535 0.333 0.333 0.334 
536 0.333 0.333 0.334 
537 0.333 0.333 0.334 
538 0.333 0.333 0.334 
539 0.333 0.333 0.334 
540 0.333 0.333 0.334 
541 0.333 0.333 0.334 
542 0.333 0.333 0.334 
543 0.333 0.333 0.334 
544 0.1 0.15 0.75 
545 0.333 0.333 0.334 
546 0.333 0.333 0.334 
547 0.333 0.333 0.334 
548 0.075 0.475 0.45 
549 0.333 0.333 0.334 
550 0.333 0.333 0.334 
551 0.333 0.333 0.334 
552 0.037037037037037035 0.5185185185185185 0.4444444444444444 
553 0.333 0.333 0.334 
554 0.333 0.333 0.334 
555 0.333 0.333 0.334 
556 0.333 0.333 0.334 
557 0.17647058823529413 0.38235294117647056 0.4411764705882353 
558 0.24 0.24 0.52 
559 0.3023255813953488 0.3953488372093023 0.3023255813953488 
560 0.333 0.333 0.334 
561 0.3 0.5333333333333333 0.16666666666666666 
562 0.333 0.333 0.334 
563 0.333 0.333 0.334 
564 0.12903225806451613 0.2903225806451613 0.5806451612903226 
565 0.333 0.333 0.334 
566 0.333 0.333 0.334 
567 0.333 0.333 0.334 
568 0.22666666666666666 0.5466666666666666 0.22666666666666666 
569 0.333 0.333 0.334 
570 0.333 0.333 0.334 
571 0.333 0.333 0.334 
572 0.333 0.333 0.334 
573 0.333 0.333 0.334 
574 0.333 0.333 0.334 
575 0.02702702702702703 0.24324324324324326 0.7297297297297297 
576 0.037037037037037035 0.18518518518518517 0.7777777777777778 
577 0.08152173913043478 0.391304347826087 0.5271739130434783 
578 0.333 0.333 0.334 
579 0.333 0.333 0.334 
580 0.333 0.333 0.334 
581 0.333 0.333 0.334 
582 0.333 0.333 0.334 
583 0.333 0.333 0.334 
584 0.333 0.333 0.334 
585 0.25 0.125 0.625 
586 0.333 0.333 0.334 
587 0.333 0.333 0.334 
588 0.25806451612903225 0.1935483870967742 0.5483870967741935 
589 0.375 0.25 0.375 
590 0.15384615384615385 0.5384615384615384 0.3076923076923077 
591 0.20833333333333334 0.375 0.4166666666666667 
592 0.25 0.4166666666666667 0.3333333333333333 
593 0.333 0.333 0.334 
594 0.125 0.625 0.25 
595 0.333 0.333 0.334 
596 0.333 0.333 0.334 
597 0.333 0.333 0.334 
598 0.333 0.333 0.334 
599 0.333 0.333 0.334 
600 0.333 0.333 0.334 
601 0.06481481481481481 0.37037037037037035 0.5648148148148148 
602 0.17647058823529413 0.11764705882352941 0.7058823529411765 
603 0.333 0.333 0.334 
604 0.333 0.333 0.334 
605 0.333 0.333 0.334 
606 0.333 0.333 0.334 
607 0.333 0.333 0.334 
608 0.333 0.333 0.334 
609 0.16666666666666666 0.25 0.5833333333333334 
610 0.333 0.333 0.334 
611 0.42105263157894735 0.47368421052631576 0.10526315789473684 
612 0.333 0.333 0.334 
613 0.125 0.125 0.75 
614 0.333 0.333 0.334 
615 0.2 0.45 0.35 
616 0.333 0.333 0.334 
617 0.333 0.333 0.334 
618 0.333 0.333 0.334 
619 0.333 0.333 0.334 
620 0.333 0.333 0.334 
621 0.02857142857142857 0.0 0.9714285714285714 
622 0.10256410256410256 0.15384615384615385 0.7435897435897436 
623 0.333 0.333 0.334 
624 0.25 0.3 0.45 
625 0.17073170731707318 0.6097560975609756 0.21951219512195122 
626 0.333 0.333 0.334 
627 0.15789473684210525 0.15789473684210525 0.6842105263157895 
628 0.333 0.333 0.334 
629 0.333 0.333 0.334 
630 0.21052631578947367 0.3157894736842105 0.47368421052631576 
631 0.05357142857142857 0.48214285714285715 0.4642857142857143 
632 0.333 0.333 0.334 
633 0.333 0.333 0.334 
634 0.061224489795918366 0.16326530612244897 0.7755102040816326 
635 0.333 0.333 0.334 
636 0.333 0.333 0.334 
637 0.19230769230769232 0.2692307692307692 0.5384615384615384 
638 0.333 0.333 0.334 
639 0.333 0.333 0.334 
640 0.333 0.333 0.334 
641 0.333 0.333 0.334 
642 0.333 0.333 0.334 
643 0.333 0.333 0.334 
644 0.333 0.333 0.334 
645 0.1111111111111111 0.5277777777777778 0.3611111111111111 
646 0.333 0.333 0.334 
647 0.333 0.333 0.334 
648 0.333 0.333 0.334 
649 0.333 0.333 0.334 
650 0.333 0.333 0.334 
651 0.333 0.333 0.334 
652 0.333 0.333 0.334 
653 0.333 0.333 0.334 
654 0.333 0.333 0.334 
655 0.333 0.333 0.334 
656 0.333 0.333 0.334 
657 0.333 0.333 0.334 
658 0.19444444444444445 0.3055555555555556 0.5 
659 0.333 0.333 0.334 
660 0.333 0.333 0.334 
661 0.20833333333333334 0.125 0.6666666666666666 
662 0.25 0.45 0.3 
663 0.333 0.333 0.334 
664 0.125 0.125 0.75 
665 0.09375 0.25 0.65625 
666 0.1724137931034483 0.41379310344827586 0.41379310344827586 
667 0.1111111111111111 0.2777777777777778 0.6111111111111112 
668 0.333 0.333 0.334 
669 0.333 0.333 0.334 
670 0.333 0.333 0.334 
671 0.333 0.333 0.334 
672 0.25806451612903225 0.4838709677419355 0.25806451612903225 
673 0.333 0.333 0.334 
674 0.13157894736842105 0.21052631578947367 0.6578947368421053 
675 0.333 0.333 0.334 
676 0.333 0.333 0.334 
677 0.333 0.333 0.334 
678 0.333 0.333 0.334 
679 0.333 0.333 0.334 
680 0.14705882352941177 0.35294117647058826 0.5 
681 0.14285714285714285 0.42857142857142855 0.42857142857142855 
682 0.333 0.333 0.334 
683 0.11764705882352941 0.47058823529411764 0.4117647058823529 
684 0.333 0.333 0.334 
685 0.08333333333333333 0.5416666666666666 0.375 
686 0.11764705882352941 0.35294117647058826 0.5294117647058824 
687 0.17777777777777778 0.5555555555555556 0.26666666666666666 
688 0.333 0.333 0.334 
689 0.333 0.333 0.334 
690 0.09090909090909091 0.5454545454545454 0.36363636363636365 
691 0.333 0.333 0.334 
692 0.333 0.333 0.334 
693 0.09523809523809523 0.047619047619047616 0.8571428571428571 
694 0.333 0.333 0.334 
695 0.333 0.333 0.334 
696 0.333 0.333 0.334 
697 0.2608695652173913 0.30434782608695654 0.43478260869565216 
698 0.16666666666666666 0.375 0.4583333333333333 
699 0.333 0.333 0.334 
700 0.333 0.333 0.334 
701 0.1111111111111111 0.3333333333333333 0.5555555555555556 
702 0.333 0.333 0.334 
703 0.333 0.333 0.334 
704 0.333 0.333 0.334 
705 0.07317073170731707 0.3170731707317073 0.6097560975609756 
706 0.1111111111111111 0.16666666666666666 0.7222222222222222 
707 0.333 0.333 0.334 
708 0.333 0.333 0.334 
709 0.333 0.333 0.334 
710 0.333 0.333 0.334 
711 0.333 0.333 0.334 
712 0.05263157894736842 0.3157894736842105 0.631578947368421 
713 0.333 0.333 0.334 
714 0.333 0.333 0.334 
715 0.125 0.20833333333333334 0.6666666666666666 
716 0.333 0.333 0.334 
717 0.375 0.125 0.5 
718 0.3870967741935484 0.0967741935483871 0.5161290322580645 
719 0.333 0.333 0.334 
720 0.333 0.333 0.334 
721 0.1 0.2 0.7 
722 0.4375 0.4375 0.125 
723 0.10714285714285714 0.5 0.39285714285714285 
724 0.24390243902439024 0.3170731707317073 0.43902439024390244 
725 0.333 0.333 0.334 
726 0.333 0.333 0.334 
727 0.25 0.25 0.5 
728 0.333 0.333 0.334 
729 0.08333333333333333 0.25 0.6666666666666666 
730 0.333 0.333 0.334 
731 0.333 0.333 0.334 
732 0.333 0.333 0.334 
733 0.333 0.333 0.334 
734 0.333 0.333 0.334 
735 0.333 0.333 0.334 
736 0.333 0.333 0.334 
737 0.2222222222222222 0.2777777777777778 0.5 
738 0.333 0.333 0.334 
739 0.333 0.333 0.334 
740 0.333 0.333 0.334 
741 0.333 0.333 0.334 
742 0.333 0.333 0.334 
743 0.333 0.333 0.334 
744 0.05555555555555555 0.05555555555555555 0.8888888888888888 
745 0.333 0.333 0.334 
746 0.333 0.333 0.334 
747 0.333 0.333 0.334 
748 0.333 0.333 0.334 
749 0.333 0.333 0.334 
750 0.07692307692307693 0.038461538461538464 0.8846153846153846 
751 0.333 0.333 0.334 
752 0.333 0.333 0.334 
753 0.06818181818181818 0.13636363636363635 0.7954545454545454 
754 0.29411764705882354 0.47058823529411764 0.23529411764705882 
755 0.333 0.333 0.334 
756 0.10714285714285714 0.5535714285714286 0.3392857142857143 
757 0.333 0.333 0.334 
758 0.125 0.6964285714285714 0.17857142857142858 
759 0.333 0.333 0.334 
760 0.333 0.333 0.334 
761 0.10526315789473684 0.2631578947368421 0.631578947368421 
762 0.333 0.333 0.334 
763 0.333 0.333 0.334 
764 0.11764705882352941 0.6470588235294118 0.23529411764705882 
765 0.35294117647058826 0.47058823529411764 0.17647058823529413 
766 0.4375 0.25 0.3125 
767 0.333 0.333 0.334 
768 0.333 0.333 0.334 
769 0.333 0.333 0.334 
770 0.1 0.34285714285714286 0.5571428571428572 
771 0.23529411764705882 0.4117647058823529 0.35294117647058826 
772 0.333 0.333 0.334 
773 0.333 0.333 0.334 
774 0.333 0.333 0.334 
775 0.333 0.333 0.334 
776 0.333 0.333 0.334 
777 0.333 0.333 0.334 
778 0.333 0.333 0.334 
779 0.03125 0.359375 0.609375 
780 0.333 0.333 0.334 
781 0.09523809523809523 0.47619047619047616 0.42857142857142855 
782 0.333 0.333 0.334 
783 0.333 0.333 0.334 
784 0.4444444444444444 0.48148148148148145 0.07407407407407407 
785 0.4117647058823529 0.23529411764705882 0.35294117647058826 
786 0.12142857142857143 0.4 0.4785714285714286 
787 0.333 0.333 0.334 
788 0.333 0.333 0.334 
789 0.333 0.333 0.334 
790 0.333 0.333 0.334 
791 0.333 0.333 0.334 
792 0.333 0.333 0.334 
793 0.42424242424242425 0.36363636363636365 0.21212121212121213 
794 0.333 0.333 0.334 
795 0.333 0.333 0.334 
796 0.333 0.333 0.334 
797 0.07142857142857142 0.32142857142857145 0.6071428571428571 
798 0.333 0.333 0.334 
799 0.0625 0.5208333333333334 0.4166666666666667 
800 0.333 0.333 0.334 
801 0.333 0.333 0.334 
802 0.333 0.333 0.334 
803 0.333 0.333 0.334 
804 0.333 0.333 0.334 
805 0.333 0.333 0.334 
806 0.333 0.333 0.334 
807 0.333 0.333 0.334 
808 0.333 0.333 0.334 
809 0.333 0.333 0.334 
810 0.15625 0.0625 0.78125 
811 0.333 0.333 0.334 
812 0.333 0.333 0.334 
813 0.05 0.2 0.75 
814 0.333 0.333 0.334 
815 0.333 0.333 0.334 
816 0.1875 0.0 0.8125 
817 0.333 0.333 0.334 
818 0.333 0.333 0.334 
819 0.041666666666666664 0.20833333333333334 0.75 
820 0.05714285714285714 0.18571428571428572 0.7571428571428571 
821 0.333 0.333 0.334 
822 0.333 0.333 0.334 
823 0.3333333333333333 0.2916666666666667 0.375 
824 0.333 0.333 0.334 
825 0.333 0.333 0.334 
826 0.333 0.333 0.334 
827 0.333 0.333 0.334 
828 0.333 0.333 0.334 
829 0.08333333333333333 0.25 0.6666666666666666 
830 0.38095238095238093 0.2857142857142857 0.3333333333333333 
831 0.333 0.333 0.334 
832 0.333 0.333 0.334 
833 0.333 0.333 0.334 
834 0.333 0.333 0.334 
835 0.333 0.333 0.334 
836 0.333 0.333 0.334 
837 0.11764705882352941 0.29411764705882354 0.5882352941176471 
838 0.333 0.333 0.334 
839 0.333 0.333 0.334 
840 0.333 0.333 0.334 
841 0.333 0.333 0.334 
842 0.125 0.6875 0.1875 
843 0.21875 0.28125 0.5 
844 0.42857142857142855 0.47619047619047616 0.09523809523809523 
845 0.333 0.333 0.334 
846 0.333 0.333 0.334 
847 0.35714285714285715 0.42857142857142855 0.21428571428571427 
848 0.333 0.333 0.334 
849 0.333 0.333 0.334 
850 0.333 0.333 0.334 
851 0.22857142857142856 0.2571428571428571 0.5142857142857142 
852 0.35294117647058826 0.4117647058823529 0.23529411764705882 
853 0.333 0.333 0.334 
854 0.333 0.333 0.334 
855 0.333 0.333 0.334 
856 0.1875 0.125 0.6875 
857 0.333 0.333 0.334 
858 0.333 0.333 0.334 
859 0.333 0.333 0.334 
860 0.333 0.333 0.334 
861 0.333 0.333 0.334 
862 0.0391304347826087 0.3869565217391304 0.5739130434782609 
863 0.333 0.333 0.334 
864 0.333 0.333 0.334 
865 0.04 0.4 0.56 
866 0.1 0.23333333333333334 0.6666666666666666 
867 0.21739130434782608 0.4782608695652174 0.30434782608695654 
868 0.333 0.333 0.334 
869 0.333 0.333 0.334 
870 0.333 0.333 0.334 
871 0.333 0.333 0.334 
872 0.333 0.333 0.334 
873 0.333 0.333 0.334 
874 0.333 0.333 0.334 
875 0.333 0.333 0.334 
876 0.333 0.333 0.334 
877 0.333 0.333 0.334 
878 0.125 0.3333333333333333 0.5416666666666666 
879 0.333 0.333 0.334 
880 0.333 0.333 0.334 
881 0.333 0.333 0.334 
882 0.333 0.333 0.334 
883 0.333 0.333 0.334 
884 0.333 0.333 0.334 
885 0.333 0.333 0.334 
886 0.35294117647058826 0.47058823529411764 0.17647058823529413 
887 0.333 0.333 0.334 
888 0.333 0.333 0.334 
889 0.333 0.333 0.334 
890 0.05555555555555555 0.2222222222222222 0.7222222222222222 
891 0.14285714285714285 0.3116883116883117 0.5454545454545454 
892 0.333 0.333 0.334 
893 0.333 0.333 0.334 
894 0.333 0.333 0.334 
895 0.1875 0.6640625 0.1484375 
896 0.333 0.333 0.334 
897 0.333 0.333 0.334 
898 0.333 0.333 0.334 
899 0.3194444444444444 0.4444444444444444 0.2361111111111111 
900 0.05660377358490566 0.4528301886792453 0.49056603773584906 
901 0.333 0.333 0.334 
902 0.333 0.333 0.334 
903 0.333 0.333 0.334 
904 0.333 0.333 0.334 
905 0.333 0.333 0.334 
906 0.333 0.333 0.334 
907 0.333 0.333 0.334 
908 0.333 0.333 0.334 
909 0.333 0.333 0.334 
910 0.333 0.333 0.334 
911 0.333 0.333 0.334 
912 0.333 0.333 0.334 
913 0.08771929824561403 0.5964912280701754 0.3157894736842105 
914 0.333 0.333 0.334 
915 0.08571428571428572 0.2857142857142857 0.6285714285714286 
916 0.333 0.333 0.334 
917 0.21739130434782608 0.30434782608695654 0.4782608695652174 
918 0.2727272727272727 0.3939393939393939 0.3333333333333333 
919 0.1875 0.375 0.4375 
920 0.333 0.333 0.334 
921 0.333 0.333 0.334 
922 0.333 0.333 0.334 
923 0.333 0.333 0.334 
924 0.333 0.333 0.334 
925 0.16666666666666666 0.5555555555555556 0.2777777777777778 
926 0.333 0.333 0.334 
927 0.333 0.333 0.334 
928 0.07407407407407407 0.3333333333333333 0.5925925925925926 
929 0.333 0.333 0.334 
930 0.20833333333333334 0.3333333333333333 0.4583333333333333 
931 0.333 0.333 0.334 
932 0.13157894736842105 0.5263157894736842 0.34210526315789475 
933 0.10714285714285714 0.4642857142857143 0.42857142857142855 
934 0.1875 0.125 0.6875 
935 0.333 0.333 0.334 
936 0.1875 0.1875 0.625 
937 0.333 0.333 0.334 
938 0.08 0.28 0.64 
939 0.03773584905660377 0.22641509433962265 0.7358490566037735 
940 0.15789473684210525 0.3684210526315789 0.47368421052631576 
941 0.333 0.333 0.334 
942 0.21052631578947367 0.21052631578947367 0.5789473684210527 
943 0.333 0.333 0.334 
944 0.25 0.4444444444444444 0.3055555555555556 
945 0.333 0.333 0.334 
946 0.333 0.333 0.334 
947 0.333 0.333 0.334 
948 0.333 0.333 0.334 
949 0.333 0.333 0.334 
950 0.22727272727272727 0.5 0.2727272727272727 
951 0.333 0.333 0.334 
952 0.10526315789473684 0.15789473684210525 0.7368421052631579 
953 0.2608695652173913 0.30434782608695654 0.43478260869565216 
954 0.333 0.333 0.334 
955 0.333 0.333 0.334 
956 0.0625 0.17708333333333334 0.7604166666666666 
957 0.333 0.333 0.334 
958 0.1875 0.25 0.5625 
959 0.333 0.333 0.334 
960 0.333 0.333 0.334 
961 0.03571428571428571 0.2857142857142857 0.6785714285714286 
962 0.333 0.333 0.334 
963 0.333 0.333 0.334 
964 0.3125 0.09375 0.59375 
965 0.333 0.333 0.334 
966 0.333 0.333 0.334 
967 0.20588235294117646 0.20588235294117646 0.5882352941176471 
968 0.08823529411764706 0.058823529411764705 0.8529411764705882 
969 0.333 0.333 0.334 
970 0.333 0.333 0.334 
971 0.07878787878787878 0.503030303030303 0.41818181818181815 
972 0.333 0.333 0.334 
973 0.333 0.333 0.334 
974 0.333 0.333 0.334 
975 0.333 0.333 0.334 
976 0.010416666666666666 0.2604166666666667 0.7291666666666666 
977 0.333 0.333 0.334 
978 0.333 0.333 0.334 
979 0.333 0.333 0.334 
980 0.25 0.3125 0.4375 
981 0.12987012987012986 0.24675324675324675 0.6233766233766234 
982 0.2608695652173913 0.34782608695652173 0.391304347826087 
983 0.333 0.333 0.334 
984 0.333 0.333 0.334 
985 0.333 0.333 0.334 
986 0.333 0.333 0.334 
987 0.333 0.333 0.334 
988 0.333 0.333 0.334 
989 0.5263157894736842 0.3684210526315789 0.10526315789473684 
990 0.333 0.333 0.334 
991 0.333 0.333 0.334 
992 0.333 0.333 0.334 
993 0.06451612903225806 0.27419354838709675 0.6612903225806451 
994 0.05555555555555555 0.3333333333333333 0.6111111111111112 
995 0.07692307692307693 0.46153846153846156 0.46153846153846156 
996 0.333 0.333 0.334 
997 0.47368421052631576 0.3157894736842105 0.21052631578947367 
998 0.15384615384615385 0.5 0.34615384615384615 
999 0.333 0.333 0.334 
1000 0.08045977011494253 0.4367816091954023 0.4827586206896552 
1001 0.12195121951219512 0.36585365853658536 0.5121951219512195 
1002 0.333 0.333 0.334 
1003 0.4444444444444444 0.2222222222222222 0.3333333333333333 
1004 0.333 0.333 0.334 
1005 0.333 0.333 0.334 
1006 0.0547945205479452 0.5753424657534246 0.3698630136986301 
1007 0.333 0.333 0.334 
1008 0.333 0.333 0.334 
1009 0.1875 0.25 0.5625 
1010 0.333 0.333 0.334 
1011 0.333 0.333 0.334 
1012 0.25 0.5 0.25 
1013 0.08333333333333333 0.625 0.2916666666666667 
1014 0.333 0.333 0.334 
1015 0.333 0.333 0.334 
1016 0.0425531914893617 0.2872340425531915 0.6702127659574468 
1017 0.333 0.333 0.334 
1018 0.333 0.333 0.334 
1019 0.1282051282051282 0.1282051282051282 0.7435897435897436 
1020 0.30434782608695654 0.30434782608695654 0.391304347826087 
1021 0.333 0.333 0.334 
1022 0.1111111111111111 0.7222222222222222 0.16666666666666666 
1023 0.13636363636363635 0.5 0.36363636363636365 
1024 0.18181818181818182 0.13636363636363635 0.6818181818181818 
1025 0.125 0.5 0.375 
1026 0.333 0.333 0.334 
1027 0.05263157894736842 0.2631578947368421 0.6842105263157895 
1028 0.333 0.333 0.334 
1029 0.333 0.333 0.334 
1030 0.043478260869565216 0.4782608695652174 0.4782608695652174 
1031 0.333 0.333 0.334 
1032 0.17777777777777778 0.4222222222222222 0.4 
1033 0.333 0.333 0.334 
1034 0.333 0.333 0.334 
1035 0.333 0.333 0.334 
1036 0.333 0.333 0.334 
1037 0.20833333333333334 0.375 0.4166666666666667 
1038 0.333 0.333 0.334 
1039 0.1651376146788991 0.3302752293577982 0.5045871559633027 
1040 0.3409090909090909 0.20454545454545456 0.45454545454545453 
1041 0.10869565217391304 0.43478260869565216 0.45652173913043476 
1042 0.333 0.333 0.334 
1043 0.333 0.333 0.334 
1044 0.333 0.333 0.334 
1045 0.333 0.333 0.334 
1046 0.125 0.28125 0.59375 
1047 0.333 0.333 0.334 
1048 0.041666666666666664 0.2361111111111111 0.7222222222222222 
1049 0.333 0.333 0.334 
1050 0.3225806451612903 0.3225806451612903 0.3548387096774194 
1051 0.333 0.333 0.334 
1052 0.333 0.333 0.334 
1053 0.333 0.333 0.334 
1054 0.2689075630252101 0.37815126050420167 0.35294117647058826 
1055 0.333 0.333 0.334 
1056 0.333 0.333 0.334 
1057 0.3333333333333333 0.3333333333333333 0.3333333333333333 
1058 0.333 0.333 0.334 
1059 0.333 0.333 0.334 
1060 0.333 0.333 0.334 
1061 0.333 0.333 0.334 
1062 0.2222222222222222 0.2777777777777778 0.5 
1063 0.3333333333333333 0.3 0.36666666666666664 
1064 0.333 0.333 0.334 
1065 0.0625 0.1875 0.75 
1066 0.16666666666666666 0.16666666666666666 0.6666666666666666 
1067 0.333 0.333 0.334 
1068 0.2222222222222222 0.3333333333333333 0.4444444444444444 
1069 0.07608695652173914 0.20652173913043478 0.717391304347826 
1070 0.05755395683453238 0.10071942446043165 0.841726618705036 
1071 0.052083333333333336 0.3541666666666667 0.59375 
1072 0.25 0.45 0.3 
1073 0.14285714285714285 0.6428571428571429 0.21428571428571427 
1074 0.333 0.333 0.334 
1075 0.333 0.333 0.334 
1076 0.333 0.333 0.334 
1077 0.333 0.333 0.334 
1078 0.333 0.333 0.334 
1079 0.333 0.333 0.334 
1080 0.333 0.333 0.334 
1081 0.333 0.333 0.334 
1082 0.333 0.333 0.334 
1083 0.333 0.333 0.334 
1084 0.333 0.333 0.334 
1085 0.3 0.3 0.4 
1086 0.125 0.3125 0.5625 
1087 0.333 0.333 0.334 
1088 0.333 0.333 0.334 
1089 0.333 0.333 0.334 
1090 0.333 0.333 0.334 
1091 0.333 0.333 0.334 
1092 0.333 0.333 0.334 
1093 0.1111111111111111 0.05555555555555555 0.8333333333333334 
1094 0.06060606060606061 0.030303030303030304 0.9090909090909091 
1095 0.333 0.333 0.334 
1096 0.333 0.333 0.334 
1097 0.333 0.333 0.334 
1098 0.333 0.333 0.334 
1099 0.333 0.333 0.334 
1100 0.333 0.333 0.334 
1101 0.333 0.333 0.334 
1102 0.045454545454545456 0.36363636363636365 0.5909090909090909 
1103 0.2916666666666667 0.20833333333333334 0.5 
1104 0.333 0.333 0.334 
1105 0.333 0.333 0.334 
1106 0.125 0.4375 0.4375 
1107 0.2777777777777778 0.2777777777777778 0.4444444444444444 
1108 0.27586206896551724 0.41379310344827586 0.3103448275862069 
1109 0.333 0.333 0.334 
1110 0.333 0.333 0.334 
1111 0.45 0.35 0.2 
1112 0.333 0.333 0.334 
1113 0.333 0.333 0.334 
1114 0.333 0.333 0.334 
1115 0.333 0.333 0.334 
1116 0.16666666666666666 0.6666666666666666 0.16666666666666666 
1117 0.333 0.333 0.334 
1118 0.333 0.333 0.334 
1119 0.333 0.333 0.334 
1120 0.17777777777777778 0.4666666666666667 0.35555555555555557 
1121 0.333 0.333 0.334 
1122 0.333 0.333 0.334 
1123 0.333 0.333 0.334 
1124 0.333 0.333 0.334 
1125 0.333 0.333 0.334 
1126 0.04 0.4 0.56 
1127 0.011049723756906077 0.3370165745856354 0.6519337016574586 
1128 0.333 0.333 0.334 
1129 0.333 0.333 0.334 
1130 0.333 0.333 0.334 
1131 0.10526315789473684 0.21052631578947367 0.6842105263157895 
1132 0.16071428571428573 0.48214285714285715 0.35714285714285715 
1133 0.333 0.333 0.334 
1134 0.05555555555555555 0.16666666666666666 0.7777777777777778 
1135 0.333 0.333 0.334 
1136 0.333 0.333 0.334 
1137 0.333 0.333 0.334 
1138 0.2222222222222222 0.3055555555555556 0.4722222222222222 
1139 0.3125 0.3125 0.375 
1140 0.21875 0.21875 0.5625 
1141 0.333 0.333 0.334 
1142 0.333 0.333 0.334 
1143 0.333 0.333 0.334 
1144 0.13157894736842105 0.15789473684210525 0.7105263157894737 
1145 0.333 0.333 0.334 
1146 0.333 0.333 0.334 
1147 0.2222222222222222 0.2962962962962963 0.48148148148148145 
1148 0.333 0.333 0.334 
1149 0.22727272727272727 0.5 0.2727272727272727 
1150 0.333 0.333 0.334 
1151 0.333 0.333 0.334 
1152 0.058823529411764705 0.35294117647058826 0.5882352941176471 
1153 0.333 0.333 0.334 
1154 0.333 0.333 0.334 
1155 0.333 0.333 0.334 
1156 0.333 0.333 0.334 
1157 0.45 0.25 0.3 
1158 0.333 0.333 0.334 
1159 0.16666666666666666 0.3333333333333333 0.5 
1160 0.333 0.333 0.334 
1161 0.333 0.333 0.334 
1162 0.333 0.333 0.334 
1163 0.333 0.333 0.334 
1164 0.35 0.15 0.5 
1165 0.17647058823529413 0.4117647058823529 0.4117647058823529 
1166 0.21212121212121213 0.3939393939393939 0.3939393939393939 
1167 0.333 0.333 0.334 
1168 0.10526315789473684 0.10526315789473684 0.7894736842105263 
1169 0.333 0.333 0.334 
1170 0.333 0.333 0.334 
1171 0.333 0.333 0.334 
1172 0.333 0.333 0.334 
1173 0.333 0.333 0.334 
1174 0.333 0.333 0.334 
1175 0.1037037037037037 0.6666666666666666 0.22962962962962963 
1176 0.25 0.4583333333333333 0.2916666666666667 
1177 0.333 0.333 0.334 
1178 0.333 0.333 0.334 
1179 0.333 0.333 0.334 
1180 0.03571428571428571 0.03571428571428571 0.9285714285714286 
1181 0.333 0.333 0.334 
1182 0.333 0.333 0.334 
1183 0.16129032258064516 0.3225806451612903 0.5161290322580645 
1184 0.333 0.333 0.334 
1185 0.333 0.333 0.334 
1186 0.333 0.333 0.334 
1187 0.25 0.3125 0.4375 
1188 0.333 0.333 0.334 
1189 0.2 0.16 0.64 
1190 0.333 0.333 0.334 
1191 0.333 0.333 0.334 
1192 0.2857142857142857 0.09523809523809523 0.6190476190476191 
1193 0.0625 0.375 0.5625 
1194 0.333 0.333 0.334 
1195 0.333 0.333 0.334 
1196 0.333 0.333 0.334 
1197 0.333 0.333 0.334 
1198 0.333 0.333 0.334 
1199 0.0967741935483871 0.5483870967741935 0.3548387096774194 
1200 0.125 0.3 0.575 
1201 0.333 0.333 0.334 
1202 0.333 0.333 0.334 
1203 0.15 0.45 0.4 
1204 0.333 0.333 0.334 
1205 0.1 0.2 0.7 
1206 0.1590909090909091 0.5454545454545454 0.29545454545454547 
1207 0.333 0.333 0.334 
1208 0.17857142857142858 0.35714285714285715 0.4642857142857143 
1209 0.333 0.333 0.334 
1210 0.333 0.333 0.334 
1211 0.333 0.333 0.334 
1212 0.2608695652173913 0.2608695652173913 0.4782608695652174 
1213 0.333 0.333 0.334 
1214 0.333 0.333 0.334 
1215 0.333 0.333 0.334 
1216 0.333 0.333 0.334 
1217 0.333 0.333 0.334 
1218 0.23809523809523808 0.3333333333333333 0.42857142857142855 
1219 0.11764705882352941 0.0 0.8823529411764706 
1220 0.333 0.333 0.334 
1221 0.03389830508474576 0.6101694915254238 0.3559322033898305 
1222 0.16666666666666666 0.5 0.3333333333333333 
1223 0.333 0.333 0.334 
1224 0.333 0.333 0.334 
1225 0.2857142857142857 0.25 0.4642857142857143 
1226 0.333 0.333 0.334 
1227 0.333 0.333 0.334 
1228 0.13333333333333333 0.5 0.36666666666666664 
1229 0.333 0.333 0.334 
1230 0.333 0.333 0.334 
1231 0.333 0.333 0.334 
1232 0.16666666666666666 0.4583333333333333 0.375 
1233 0.06382978723404255 0.2553191489361702 0.6808510638297872 
1234 0.0625 0.125 0.8125 
1235 0.333 0.333 0.334 
1236 0.333 0.333 0.334 
1237 0.10714285714285714 0.5803571428571429 0.3125 
1238 0.333 0.333 0.334 
1239 0.2857142857142857 0.45112781954887216 0.2631578947368421 
1240 0.10909090909090909 0.21818181818181817 0.6727272727272727 
1241 0.333 0.333 0.334 
1242 0.333 0.333 0.334 
1243 0.333 0.333 0.334 
1244 0.03333333333333333 0.13333333333333333 0.8333333333333334 
1245 0.333 0.333 0.334 
1246 0.03571428571428571 0.14285714285714285 0.8214285714285714 
1247 0.333 0.333 0.334 
1248 0.333 0.333 0.334 
1249 0.333 0.333 0.334 
1250 0.333 0.333 0.334 
1251 0.333 0.333 0.334 
1252 0.333 0.333 0.334 
1253 0.333 0.333 0.334 
1254 0.333 0.333 0.334 
1255 0.1 0.13333333333333333 0.7666666666666667 
1256 0.3125 0.1875 0.5 
1257 0.333 0.333 0.334 
1258 0.333 0.333 0.334 
1259 0.333 0.333 0.334 
1260 0.333 0.333 0.334 
1261 0.333 0.333 0.334 
1262 0.333 0.333 0.334 
1263 0.333 0.333 0.334 
1264 0.11764705882352941 0.23529411764705882 0.6470588235294118 
1265 0.3333333333333333 0.5 0.16666666666666666 
1266 0.333 0.333 0.334 
1267 0.1111111111111111 0.5 0.3888888888888889 
1268 0.15 0.0 0.85 
1269 0.333 0.333 0.334 
1270 0.333 0.333 0.334 
1271 0.26582278481012656 0.27848101265822783 0.45569620253164556 
1272 0.333 0.333 0.334 
1273 0.333 0.333 0.334 
1274 0.4090909090909091 0.3181818181818182 0.2727272727272727 
1275 0.333 0.333 0.334 
1276 0.17647058823529413 0.35294117647058826 0.47058823529411764 
1277 0.3 0.35 0.35 
1278 0.333 0.333 0.334 
1279 0.333 0.333 0.334 
1280 0.333 0.333 0.334 
1281 0.07407407407407407 0.4074074074074074 0.5185185185185185 
1282 0.333 0.333 0.334 
1283 0.333 0.333 0.334 
1284 0.333 0.333 0.334 
1285 0.2631578947368421 0.15789473684210525 0.5789473684210527 
1286 0.333 0.333 0.334 
1287 0.333 0.333 0.334 
1288 0.333 0.333 0.334 
1289 0.333 0.333 0.334 
1290 0.034482758620689655 0.034482758620689655 0.9310344827586207 
1291 0.22580645161290322 0.3548387096774194 0.41935483870967744 
1292 0.16666666666666666 0.3055555555555556 0.5277777777777778 
1293 0.333 0.333 0.334 
1294 0.125 0.1875 0.6875 
1295 0.333 0.333 0.334 
1296 0.17391304347826086 0.5652173913043478 0.2608695652173913 
1297 0.333 0.333 0.334 
1298 0.20833333333333334 0.0 0.7916666666666666 
1299 0.15 0.4 0.45 
1300 0.16 0.76 0.08 
1301 0.333 0.333 0.334 
1302 0.333 0.333 0.334 
1303 0.333 0.333 0.334 
1304 0.05263157894736842 0.10526315789473684 0.8421052631578947 
1305 0.333 0.333 0.334 
1306 0.333 0.333 0.334 
1307 0.2857142857142857 0.19047619047619047 0.5238095238095238 
1308 0.333 0.333 0.334 
1309 0.333 0.333 0.334 
