3 0 1 
3 1 0 
3 2 1 
3 3 1 
46 0 1 
46 1 1 
46 2 2 
46 3 1 
140 0 2 
140 1 2 
140 2 2 
140 3 1 
193 0 2 
193 1 2 
193 2 2 
193 3 2 
264 0 1 
264 1 2 
264 2 0 
264 3 1 
280 0 2 
280 1 2 
280 2 2 
280 3 1 
381 0 1 
381 1 2 
381 2 1 
381 3 1 
419 0 1 
419 1 0 
419 2 0 
419 3 1 
519 0 1 
519 1 2 
519 2 2 
519 3 1 
689 0 1 
689 1 1 
689 2 0 
689 3 1 
778 0 2 
778 1 2 
778 2 2 
778 3 2 
851 0 2 
851 1 0 
851 2 2 
851 3 1 
921 0 2 
921 1 2 
921 2 2 
921 3 1 
949 0 2 
949 1 1 
949 2 2 
949 3 1 
1061 0 1 
1061 1 1 
1061 2 2 
1061 3 2 
1083 0 2 
1083 1 2 
1083 2 2 
1083 3 2 
1132 0 2 
1132 1 2 
1132 2 2 
1132 3 2 
1140 0 0 
1140 1 0 
1140 2 0 
1140 3 0 
1164 0 2 
1164 1 2 
1164 2 2 
1164 3 2 
1218 0 1 
1218 1 2 
1218 2 1 
1218 3 1 
1264 0 2 
1264 1 2 
1264 2 2 
1264 3 2 
1322 0 2 
1322 1 2 
1322 2 2 
1322 3 1 
1456 0 2 
1456 1 2 
1456 2 2 
1456 3 2 
1572 0 0 
1572 1 0 
1572 2 0 
1572 3 2 
1579 0 0 
1579 1 0 
1579 2 1 
1579 3 0 
