0 0 2
0 1 1
0 2 1
0 3 1
1 0 2
1 1 1
1 2 2
1 3 2
2 0 2
2 1 1
2 2 2
2 3 2
3 0 2
3 1 2
3 2 1
3 3 2
4 0 2
4 1 2
4 2 2
4 3 2
5 0 2
5 1 2
5 2 2
5 3 2
6 0 1
6 1 1
6 2 1
6 3 1
7 0 2
7 1 1
7 2 1
7 3 1
8 0 2
8 1 2
8 2 0
8 3 1
9 0 2
9 1 1
9 2 1
9 3 2
10 0 1
10 1 1
10 2 0
10 3 1
11 0 1
11 1 1
11 2 1
11 3 1
12 0 2
12 1 2
12 2 2
12 3 1
13 0 1
13 1 1
13 2 1
13 3 1
14 0 2
14 1 1
14 2 1
14 3 1
15 0 1 
15 1 1
15 2 2
15 3 2
16 0 2
16 1 1
16 2 2
16 3 1
17 0 2
17 1 1
17 2 1
17 3 1
18 0 2
18 1 1
18 2 2
18 3 1
19 0 2
19 1 2
19 2 2
19 3 1
20 0 2
20 1 1
20 2 0
20 3 1
21 0 2
21 1 1
21 2 2
21 3 1
22 0 1
22 1 2
22 2 1
22 3 2
23 0 0
23 1 1
23 2 2
23 3 1
24 0 2
24 1 2
24 2 2
24 3 1
25 0 2
25 1 1
25 2 1
25 3 2
26 0 0
26 1 0
26 2 0
26 3 1
27 0 1
27 1 1
27 2 0
27 3 1
28 0 2
28 1 1
28 2 1
28 3 2
29 0 1
29 1 1
29 2 1
29 3 2
30 0 1
30 1 2
30 2 1
30 3 1
31 0 2
31 1 2
31 2 2
31 3 1
32 0 2
32 1 1
32 2 1
32 3 1
33 0 2
33 1 2
33 2 2
33 3 1
34 0 1
34 1 1
34 2 1
34 3 1
35 0 2
35 1 1
35 2 1
35 3 1
36 0 2
36 1 1
36 2 1
36 3 1
37 0 2
37 1 2
37 2 1
37 3 1
38 0 2
38 1 2
38 2 2
38 3 2
39 0 1
39 1 2
39 2 1
39 3 2
40 0 0
40 1 1
40 2 0
40 3 1
41 0 0
41 1 1
41 2 0
41 3 1
42 0 0
42 1 1
42 2 1
42 3 1
43 0 2
43 1 1
43 2 2
43 3 2
44 0 0
44 1 1
44 2 1
44 3 1
45 0 2
45 1 1
45 2 2
45 3 1
46 0 1
46 1 2
46 2 2
46 3 1
47 0 2
47 1 1
47 2 1
47 3 1
48 0 1
48 1 1
48 2 2
48 3 1
49 0 2
49 1 1
49 2 0
49 3 1
50 0 2
50 1 1
50 2 1
50 3 1
51 0 2
51 1 1
51 2 1
51 3 2
52 0 1
52 1 1
52 2 0
52 3 2
53 0 2
53 1 2
53 2 2
53 3 2
54 0 1
54 1 1
54 2 1
54 3 1
55 0 1
55 1 1
55 2 2
55 3 2
56 0 2
56 1 1
56 2 1
56 3 1
57 0 1
57 1 1
57 2 2
57 3 2
